56666666666666766666
76666666666666666665
56666666666666667666
56666666666666666766
56666766666666666666
55557577575775575777
55555557777775775577
55557557575557777777
55557557757777757575
55577757775557757755
55557575775777577755
55555557775575777777
55557577775775775755
55557775757757777555
55557755775757757757
55557575775757755777
55557557575777757757
55557757757755557777
55557757757755755777
55555557777757777755
55557775777755575775
55555577775777757755
55557577577757775557
55557557577577757775
55555577577777757755
55557775777755755577
55557757777755775755
55557577777557575757
55577577577557755775
55557557577757775775
55557577575777557577
55557757577775755775
55555557777757757757
55557577755757775577
55557577775755777755
55557577777757575575
55577757775775575575
55557755775757775757
55555557755777777775
55557577575775757775
55557757757757775575
55555577575777775757
55555577577757777755
55557577577577775557
55557557555777577777
55577577577557555777
55557755775775777557
55557577777755757557
55557575775775757577
55557575775757757757
55557757575775775757
55557577775757755775
55557577577757775575
55557577577775557775
55557575575775777577
55577577575557757775
55555757775777775575
55557775777775575575
55577577575775775575
55557557755777775775
55577775775575757557
55557757757775557775
55555575757577777577
55555577577577777557
55557557557757777757
55557577575757775577
55557575757775777557
55555555775777777577
55555557777777577755
55557757577775777555
55557577777575775575
55555557575777777775
55555557757777577775
55557577575775557777
55555577577577775577
55557577577775557577
55557575775777775557
55557575777555757777
55557557557777757775
55555557557777775777
55557557775757757775
55557575755757777577
55555757575757777577
55577577575757757575
55557557575777777755
55557575777557757775
55557757757757775557
55557557575777775757
55557757757775777555
55557575757757777557
55557577575777757755
55557577757777775555
55557577757775777555
55555557777777775557
55555557577777577577
55557577777577775555
55557557757577757577
55577757575577775755
55557575775757575777
55557577775757757575
55557575775777757557
55557575577557777757
55555577575757775777
55555557775777775775
55555557577777775577
56666666665667666766
56567666676666666666
56666666666567666766
56666666566676666766
55666666666666766676
55666666676667666666
56666666676657666666
56666666665666767666
56666666665666766766
56566667676666666666
56567666666766666666
56566666666666666767
55666666666667676666
56666667666666766665
56666666665766676666
56566667666676666666
56666666665676676666
56666666666657666676
55666667666666666676
56566666766766666666
56566666666667666676
55666676666676666666
56666666666766666567
56666666666666766567
56666666566667666766
56566666666666766667
56666666665766667666
56666666566666666767
56666666566666666677
55667676666666666666
56666666666667676566
56666666676656766666
55666666666676676666
55667667666666666666
56657666666666666676
56657666666666666667
55666666666666667676
56566666666676666667
56566666666666666776
56566666676666666676
56666666666666665767
56666666676666756666
56666666577666666666
56666666566666676667
56657666667666666666
56666666566667676666
55666667676666666666
56666666666667665667
56567666666676666666
56566666766676666666
56566666676666676666
56566666766666666667
56666666666567676666
56666666576666666766
56666666665666676766
56666666665666776666
56666666676666765666
56666666666667675666
56567666666666666766
56566666766666666766
56666666566666667667
55666666666666676676
56666666676666766566
56666666576666676666
55666667667666666666
56666766665666667666
55666676666666666676
56657666666666676666
56666666666657766666
56666766666657666666
56666666566666766667
56666666675666766666
56666666566766666676
56666766665766666666
56566666666667766666
56666666676667665666
55666666666667766666
56666666666666765676
56566666666667667666
55666666666666667766
56666666566666766676
56666666665676667666
56566666676666667666
55666666666666666776
56666757666666666666
56566666676766666666
56666666666766665667
56666666566667766666
56666666566666776666
56666666665667766666
56666766666666665766
56666666566666667676
56566666766666766666
56666666666676665667
56666666566666676676
56566666666766766666
56666666666666665776
55666676666766666666
56666666666667666576
56566666676666666766
66656677665666566766
66676666557665667666
67566566666656667766
75676675666666666665
76565666666656667667
56767666666665656667
66756666667665656766
75766666666656765666
66657666666666755676
55666666566766766667
66676666656656665677
66676566766667666655
55667676675666666666
66666667566657766665
55566666767666666766
66556665766666667766
76556667666666766566
66666667566756756666
65766767666566666566
66656676666666756567
66555767666666666766
57666567666667666665
66676666656676655667
66656766756566766666
65767765656666666666
65766676665566666766
66657666657566676666
76567566766666666656
65766676666665765666
55666667666656676667
66566567666666666757
56567666667567666666
55666676667666765666
66656667666765656766
66565666766566766676
67566566666656767666
66676666575667566666
66766566766666675665
66657566666765766666
56566667766766665666
76565667665666667666
66666667665665676765
66666667755665666667
76566666566676657666
66666667656675566676
76567576666666666656
66666666766756566675
66657665676676566666
56567667666666765666
66666675766565666676
56566667666677666665
57666676655676666666
66566576665766667666
65766677666566665666
75676665766666666665
66555666666667666677
67566576666667666566
65766675665666676666
57665667666666666765
66676756666667565666
65776666666666667556
66666667656565667667
65566566667666666767
66667576676666666565
67565667666765666666
76566666656666676567
66556566666766666776
66656766667567566666
57665666666667766665
66556657666666667766
66676666665576667566
67566666665667666675
57665666566766676666
57666676667655666666
66666667666555776666
65766676655666666766
56657666577666666666
66676656666776666565
76566666557666666766
66657666656666767665
66667656656766666567
65767656665666666676
56666667666656766756
67565667666656666766
76657666666655666667
66666666767765565666
66666666676567665567
66666676567665675666
57666667656667665666
66666666766665755676
65656656666676667676
66657666655667666766
56566666666667657676
66657666775566666666
76567566676666666656
56767766656666665666
76556666666667756666
67566666666775666665
66765566666766656766
56566666766656766676
56567666666656675767
55666667666665775667
55666667766657667665
55667676665767666665
55566666666667676757
55666667676666756576
56567766666765765666
56566666676577567666
55666666566667775667
56566667667666756567
55666676667567667566
55666676566776667566
55567666675666676667
55657777666666666665
55656676666767666675
55566666777766666665
55666757566766666766
55667667667666665576
55566566667766767666
55566567666766676667
55566665676666776766
55666677565666676676
55556666667667667766
55667667566765666667
55666666667567775666
55566666667667776566
55667676665766657666
55666676665666756767
56567676767656666665
55567666566666676767
55656656666676766767
55667676666666567675
55566666576676666776
55656666576676676676
56567666666656677756
55666666675767665667
55667776566666765666
55656666676676766567
55656667665676666677
56566665676666675767
55667766576666665676
55666667675676675666
55557666667666766667
56566766675665667667
55566667766666666757
56566656677756766666
55566666576677666676
55676676665666657766
55666677676566656676
55676677666665656676
56566656675667766766
55666677657666667656
56566667665676757666
56567766576666667566
55666677667766665656
55656666666577676676
55556666677667666676
56566667775666656676
55667767666665666765
55666667665666776675
56567766667576656666
55566666766677666567
55666667676655667766
55667677665765666666
55666667666666776575
56566666576676765676
56566666666757766765
55666677656566667667
55666666567776666756
55666666576676675766
55666677566776656666
55656666657666677676
55657766666576667666
55667776666766656656
55666767666656776656
56566666575777666666
56567666666756656776
56566666675675776666
55667667656566776666
55666666667566776576
56566666767566677665
55666667676666566775
55667676666666556776
55666666666657676775
55666667566776667566
56566765675676676666
56566667777566666566
55566666576776667666
55666666566776765676
55667667665676676656
55666777665756666666
55666667656566667776
55666676566675667676
55566666666676757676
55666757667676656666
55566676676667667665
55666667675666677665
56566665777566676666
55656666765667766667
55567767666666756666
65675656667556776766
66567556776765676665
56667557656766677665
57756666776665576566
65667757576756566666
76667657576666555766
67766766775665555666
67675756667765666655
67576557667566566676
66576567566556677766
66776665756566665775
75656666776776565665
66656656675756766577
76767665566565667576
56665775665566767667
56656677667655566677
66656576666766575775
66676657767555676656
66676675657757565666
77566557577666666566
66776676575655766665
66765666767577656565
56667765766675556667
75666766667657655657
67756676656756766556
56766755666565767667
65665566677656766577
65766757665665767656
67566656776555666767
77667566766665565657
56657556677666676765
77667665556656566776
67675765676557666665
76565756566766675676
76666566776655576657
67556665666765676577
76576666675665576765
66666665575776577566
56667767666556675576
67656757656666775656
66657775675656765666
66667665666557655777
67756656676665757566
67576666655775765666
66655577567667665676
66665765577667676655
76776567665665655676
57756775666665656676
57676567667666555667
65766766756665766575
75675557676666675666
77755666665765667656
56666675776566567576
66675775666656767556
66557567666576776665
76767665666575666755
77665767666675556665
67655756666657757666
66556766655567776676
56665756677655676766
65765675577676666665
67756566567667666557
66556656677765756667
65776766757656566665
66677656675766656755
66577655666567766675
77655666666665577657
66666577675657675656
57665755766577666666
67765666665565775667
66557776575566666676
76767656676655566675
66567555676656677766
67566565767666755766
66676776657555665676
67665776676665566755
67566565756677766566
65777566666667556576
65756656756757666766
57766665566776576665
75766766566556765667
66555657766776665676
76555766566577676666
76656566766657677655
66655657657576766766
66757766655677655666
75556666665677766567
66656657676667575765
65656767557675676666
76566765657665665677
75775566666665776656
55666576657776666765
65766655576667576676
66776566676655755676
67667756765567665656
76566576756576576666
77655765765666667665
66666577766555567676
66567666565677657675
66677665575667667565
76567766576766555765
75656766677675755656
65767576655756666577
66755657765665576677
66557666677576575567
57676666765576557657
56775665656576576767
55667655766567775766
67656577666655576757
57757576765557666666
57665767676755765566
66665757756667567575
66756567656757765756
56755666675767676755
76657765657566656577
77665665575757666567
77565567575667576666
76756675656657557667
77665556555666776767
57757655656665676776
65755766557667765766
77576765655666765675
65776665656657777565
67566565775767665576
76575666657775656675
76566657576676557576
66756567666575575677
57766576755666677556
76756765655667566757
66756757667757566655
65577757666655666775
67766575655765665767
66575667657755566776
66556567755766676757
65665676765757556767
67556777667555766665
77667557565766576566
67766575655576676567
55677676756575666576
66575667657677565756
57676666667765575575
57655576557677666667
57667655677766655657
77656656757756566756
75656657667777565566
76756677666555667557
66675655657776677565
67775556676756675665
76665755667777655566
56775665575657667667
77665665676657755567
65757665566667757657
66555566666757776775
65555666777775567666
57775576656766567665
56775657766565756676
65555666765677777566
56655676775567567667
66756567656556657777
66756677655576765657
66756567657655577766
67655756775565666767
65676567757756675566
57665767677755656566
55557676566677667576
65666755766557766577
57676666765576555776
66757766567557765656
65575667756776676556
66677656776555757566
76656557776556756676
76665755667657667755
66755657675765766675
77756675676655656756
77757656555665666677
57676666665756577557
57665677756565756676
56556756576756767766
76777567656565756665
57566767566556777566
57766665767767566555
77766667565667575556
67766575565765766576
57775576567676665656
66767576657657556576
65657555765666767776
65555676655777667766
56755666765676577756
56775657776566666755
77667557567665756566
75655767666777565566
66555557676666767757
75676755756766766655
56675756667657557676
57766667675557756665
75655775665666576767
65675766556567765767
65655667667677755576
65755765676765676675
65757765666565576776
57576665575776576765
67675677557656576575
75765755567755676676
57567767565675677655
65577555766766775756
57775577666555765676
56555576777577656766
76775756765676567555
77765667766565575755
76665655767767575755
67666577575667757555
57766577655677765556
65567557667767655775
76665655757767556775
75756657755677565676
57776667575767555665
77765675567767556565
65577555677676675765
55775575757667666675
66756576775776755565
76755565757656767567
55766575577776666557
67565775776666557755
76665655577657556777
76755565757756767656
77776575555657667566
55657557665757776766
76567565765776775556
67666575765657777555
75665557766567756577
57667665575576576775
67675677565577655567
77767655556565677765
57665657667565775757
67765655755665757767
77776755557655656676
67567676755565755767
66576575657565775767
55665657776775665577
57765567766667555757
76567565767677567555
57676655767755557676
67566777677655575556
75757677557656655676
57675756657665775765
66557676566775755577
57665657757677567565
77555757566677665756
67565776556576565777
55766575756776577566
76765565556775677756
75765755655576777666
76577656675555657767
57665657655677755677
67666577557556765577
57757575656757667665
76665655767775775655
67675576755577765665
75657775656656757675
66776575775755676655
76755566567575767756
66576575566775775567
66556775775577765665
67755556656755766777
65567675767557756765
57555676577675756766
57576665567677565757
77775576565766557656
57567577756556667657
75757675655567677566
57766577675566767555
57766577575566675657
75557566576677677565
57676655677765575567
76567565757765556677
75577567765666675755
76575667755757756566
66677555575567667577
76677567567557665755
76765557566757656775
57776556657767566755
76765565657577776556
57756675665567675757
76567565756676575577
65576575576767657756
55665565656775777776
66576575567577656577
75677555576657675676
76765565557775656677
75576775676665565577
56577577557666767556
57576665665777657575
67766755776565675755
77765675576566555677
67575776765567565567
65567675765776756575
56555576577666777567
75557566756675775676
76575667775655767565
57675776676557755656
75776576575775576655
75776576675565755775
77556577557567656577
75557557575777667656
77776577755555655766
56576755556775777576
65555757556756777776
76775555566767575577
67775555756765777655
55776775577767656555
57775775655776756655
75555677567775556677
75566576575755767757
67755765567655757775
77776575667556557575
75767565567577565757
77776576575755565756
67556757775555676577
75555677576675576775
57775656565765777557
77776577655575567655
76675757775755675556
67775556555656775777
57775767555565566777
56665577557775577765
55576655777567757567
77565556557557767776
76675775557655677575
56576757556755757677
56677777555765565577
66567776775555557757
56576756575775765775
75775657767576565575
57575765576757665577
75675575567576757576
67575755557657567677
67775555577657677556
65555677765775776755
67776567755655775557
57757665555675777765
76757565657757755576
55576775656756557777
65555677577565767577
67775555677575676575
77555655757657665777
75555676677575577567
75566577557775655776
55576767777567675555
75776575575556576677
56665755776757575775
57775775567765576655
56755555677775765677
77776655565655757577
77776655566577555577
77555655765677775576
56677777757557555566
75776576655777565755
75776575675556765577
65555677567557776577
56775756655775565777
75557557755567767766
57575757776767655556
77565656655577757757
77555655677575667577
57575757775566657756
77565557575657677756
67575755667577677555
56555556677567777775
76675756557757565757
75555677567775675567
55776775655777555676
75555676677756575775
75776576755667755575
65765577675765557757
77565657755575757676
75767565677575557675
57775767656655577575
57775655756557767567
75776576557767575565
67575755567576577675
76675767755575755756
65765776555577575677
56555565767657777775
55777777565757655665
65555677576756557777
65765657577657775575
76675756575575757576
57765757567765657557
57765755776556577756
75776576557557765657
67776655555767775557
77555657777565677556
77565555677757765756
55776775575776575566
77757677657656555755
77565556767755657577
57575757756767766555
55557776575667557776
76675756557575756577
65555677576777567557
55557776577757655577
55556557775757767577
55557576577655757777
55555657577757777675
55567577775757555677
55567757775755775657
55557757567755777756
55557577575757676757
55657767575757557757
55557567555777775677
55557567775657577757
55557557577766757757
55557577657765757775
55557657775757576775
55557757756765775757
55567577775757557657
55557575677777675575
55557557567576775777
55555557777577766775
55557775777775665575
55556557777655777577
55556755777757567775
55557757756775567757
55557677575757767575
55577677575757556757
55556775677757557775
55557575767577767575
55557575756756777775
55577657575657777575
55577756577556775757
55567577567575775757
55557557567777765775
55557576577775677755
55557575675757777675
55555565777677757775
55555577575777766757
55657757575757576577
55557656577757755777
55557567777577565775
55557577676775777555
55556575777567755777
55557676575775777755
55557767577757576755
55557675757775776755
55556575756777757757
55567775775775556577
55657776575775775755
55577577567756757575
55567567755757757757
55567757575575765777
55556775677775577575
55567577576557777557
55555566777777775557
55555557775767775677
55567767577577557557
55557757577756757765
55557656577755757777
55556777577756757557
55577657765775757557
55577657577577575765
55557557577777677565
55557575677777565577
55567757757777556575
55557677777675755575
55557757657775777565
55557777677757555657
55556575775776577577
55555577577767765757
55557657757657557777
55557567575767575777
55557756576777775755
55555565757777757776
55567757575775575776
55556577575777677557
55557577775756757657
55557775677765557775
55557557577576756777
55555557776777677575
55555556777777567757
55566757775577777555
55556757756775775757
55567756577557775775
55567567755777757755
55577577577575755676
55557657757757767557
55567777577565775557
55557577755776756775
55577577567575775576
55557577777556756757
55557675757775577675
55557576677757775755
55556767577757555777
55557577776775755675
55577577575755775766
55557577765757575776
55557577567765575777
55556775777767755755
55557577667775555777
55557756575776757577
55567577775757757556
