0.000000000000000000e+00
1.000000000000000000e+00
1.000000000000000000e+00
6.000000000000000000e+00
0.000000000000000000e+00
4.000000000000000000e+00
6.000000000000000000e+00
5.000000000000000000e+00
7.000000000000000000e+00
8.000000000000000000e+00
1.100000000000000000e+01
1.000000000000000000e+01
9.000000000000000000e+00
1.100000000000000000e+01
1.300000000000000000e+01
1.500000000000000000e+01
1.700000000000000000e+01
1.300000000000000000e+01
1.600000000000000000e+01
2.100000000000000000e+01
1.900000000000000000e+01
1.800000000000000000e+01
2.200000000000000000e+01
2.200000000000000000e+01
2.100000000000000000e+01
2.200000000000000000e+01
2.800000000000000000e+01
2.400000000000000000e+01
2.500000000000000000e+01
3.000000000000000000e+01
3.200000000000000000e+01
2.700000000000000000e+01
3.100000000000000000e+01
3.500000000000000000e+01
3.200000000000000000e+01
3.500000000000000000e+01
3.500000000000000000e+01
3.800000000000000000e+01
3.700000000000000000e+01
4.100000000000000000e+01
4.100000000000000000e+01
4.300000000000000000e+01
4.300000000000000000e+01
4.200000000000000000e+01
4.600000000000000000e+01
4.100000000000000000e+01
4.700000000000000000e+01
4.500000000000000000e+01
4.800000000000000000e+01
4.700000000000000000e+01
5.100000000000000000e+01
5.000000000000000000e+01
5.100000000000000000e+01
4.700000000000000000e+01
5.600000000000000000e+01
5.700000000000000000e+01
5.900000000000000000e+01
5.700000000000000000e+01
5.600000000000000000e+01
6.000000000000000000e+01
5.800000000000000000e+01
6.200000000000000000e+01
6.500000000000000000e+01
6.200000000000000000e+01
6.200000000000000000e+01
6.400000000000000000e+01
6.700000000000000000e+01
6.700000000000000000e+01
7.300000000000000000e+01
8.900000000000000000e+01
7.500000000000000000e+01
9.200000000000000000e+01
7.700000000000000000e+01
7.400000000000000000e+01
7.400000000000000000e+01
9.600000000000000000e+01
1.070000000000000000e+02
8.200000000000000000e+01
8.100000000000000000e+01
8.900000000000000000e+01
8.400000000000000000e+01
6.600000000000000000e+01
9.300000000000000000e+01
8.800000000000000000e+01
9.200000000000000000e+01
8.800000000000000000e+01
9.300000000000000000e+01
7.600000000000000000e+01
9.100000000000000000e+01
9.300000000000000000e+01
7.400000000000000000e+01
1.030000000000000000e+02
1.200000000000000000e+02
1.130000000000000000e+02
1.060000000000000000e+02
1.000000000000000000e+02
1.040000000000000000e+02
9.200000000000000000e+01
1.070000000000000000e+02
8.400000000000000000e+01
1.320000000000000000e+02
9.600000000000000000e+01
1.070000000000000000e+02
5.900000000000000000e+01
9.500000000000000000e+01
1.050000000000000000e+02
1.070000000000000000e+02
1.100000000000000000e+02
1.120000000000000000e+02
1.020000000000000000e+02
9.500000000000000000e+01
1.150000000000000000e+02
1.160000000000000000e+02
1.100000000000000000e+02
1.140000000000000000e+02
1.220000000000000000e+02
1.210000000000000000e+02
1.000000000000000000e+02
1.230000000000000000e+02
1.340000000000000000e+02
1.180000000000000000e+02
1.270000000000000000e+02
1.240000000000000000e+02
1.030000000000000000e+02
1.150000000000000000e+02
1.110000000000000000e+02
1.260000000000000000e+02
1.280000000000000000e+02
9.100000000000000000e+01
1.120000000000000000e+02
1.250000000000000000e+02
1.320000000000000000e+02
1.170000000000000000e+02
1.300000000000000000e+02
1.280000000000000000e+02
1.330000000000000000e+02
1.180000000000000000e+02
1.300000000000000000e+02
1.370000000000000000e+02
1.490000000000000000e+02
1.440000000000000000e+02
1.420000000000000000e+02
1.600000000000000000e+02
1.510000000000000000e+02
1.630000000000000000e+02
1.470000000000000000e+02
1.450000000000000000e+02
1.560000000000000000e+02
1.450000000000000000e+02
1.550000000000000000e+02
1.380000000000000000e+02
1.600000000000000000e+02
1.440000000000000000e+02
1.500000000000000000e+02
1.570000000000000000e+02
1.500000000000000000e+02
1.420000000000000000e+02
1.570000000000000000e+02
1.530000000000000000e+02
1.570000000000000000e+02
1.760000000000000000e+02
1.650000000000000000e+02
1.610000000000000000e+02
1.680000000000000000e+02
1.560000000000000000e+02
1.470000000000000000e+02
1.630000000000000000e+02
1.870000000000000000e+02
1.690000000000000000e+02
1.700000000000000000e+02
1.700000000000000000e+02
1.640000000000000000e+02
1.610000000000000000e+02
1.890000000000000000e+02
1.850000000000000000e+02
1.640000000000000000e+02
1.740000000000000000e+02
1.680000000000000000e+02
1.670000000000000000e+02
1.770000000000000000e+02
1.700000000000000000e+02
2.100000000000000000e+02
1.910000000000000000e+02
1.660000000000000000e+02
1.770000000000000000e+02
1.710000000000000000e+02
2.030000000000000000e+02
1.750000000000000000e+02
2.130000000000000000e+02
1.990000000000000000e+02
1.530000000000000000e+02
2.150000000000000000e+02
2.000000000000000000e+02
1.850000000000000000e+02
1.980000000000000000e+02
1.770000000000000000e+02
1.750000000000000000e+02
1.840000000000000000e+02
1.830000000000000000e+02
1.980000000000000000e+02
1.770000000000000000e+02
1.680000000000000000e+02
1.910000000000000000e+02
1.690000000000000000e+02
1.960000000000000000e+02
2.020000000000000000e+02
2.140000000000000000e+02
2.080000000000000000e+02
1.740000000000000000e+02
1.950000000000000000e+02
2.010000000000000000e+02
1.990000000000000000e+02
1.940000000000000000e+02
1.770000000000000000e+02
1.530000000000000000e+02
2.090000000000000000e+02
2.260000000000000000e+02
1.740000000000000000e+02
1.970000000000000000e+02
1.860000000000000000e+02
1.820000000000000000e+02
2.290000000000000000e+02
2.000000000000000000e+02
2.260000000000000000e+02
2.470000000000000000e+02
2.130000000000000000e+02
2.120000000000000000e+02
2.300000000000000000e+02
2.150000000000000000e+02
2.250000000000000000e+02
2.230000000000000000e+02
2.300000000000000000e+02
2.350000000000000000e+02
2.190000000000000000e+02
4.800000000000000000e+01
2.300000000000000000e+02
1.970000000000000000e+02
2.200000000000000000e+02
2.390000000000000000e+02
2.160000000000000000e+02
2.280000000000000000e+02
2.220000000000000000e+02
2.410000000000000000e+02
2.210000000000000000e+02
2.510000000000000000e+02
2.360000000000000000e+02
2.390000000000000000e+02
2.390000000000000000e+02
2.380000000000000000e+02
2.600000000000000000e+02
2.300000000000000000e+02
2.390000000000000000e+02
2.340000000000000000e+02
2.570000000000000000e+02
2.500000000000000000e+02
2.640000000000000000e+02
2.770000000000000000e+02
2.520000000000000000e+02
2.400000000000000000e+02
2.450000000000000000e+02
2.350000000000000000e+02
2.570000000000000000e+02
2.290000000000000000e+02
2.360000000000000000e+02
2.790000000000000000e+02
2.660000000000000000e+02
2.600000000000000000e+02
2.570000000000000000e+02
2.850000000000000000e+02
2.870000000000000000e+02
2.510000000000000000e+02
2.750000000000000000e+02
2.710000000000000000e+02
2.920000000000000000e+02
2.710000000000000000e+02
2.670000000000000000e+02
2.780000000000000000e+02
2.670000000000000000e+02
2.790000000000000000e+02
2.680000000000000000e+02
2.850000000000000000e+02
3.300000000000000000e+02
2.570000000000000000e+02
2.550000000000000000e+02
3.000000000000000000e+02
2.900000000000000000e+02
3.020000000000000000e+02
2.870000000000000000e+02
2.880000000000000000e+02
2.910000000000000000e+02
2.850000000000000000e+02
2.850000000000000000e+02
2.400000000000000000e+02
2.110000000000000000e+02
3.120000000000000000e+02
2.950000000000000000e+02
2.330000000000000000e+02
2.730000000000000000e+02
2.650000000000000000e+02
2.980000000000000000e+02
3.230000000000000000e+02
3.170000000000000000e+02
2.920000000000000000e+02
3.350000000000000000e+02
2.840000000000000000e+02
3.130000000000000000e+02
3.090000000000000000e+02
3.330000000000000000e+02
3.160000000000000000e+02
3.180000000000000000e+02
2.960000000000000000e+02
2.710000000000000000e+02
3.250000000000000000e+02
3.340000000000000000e+02
2.960000000000000000e+02
2.970000000000000000e+02
3.220000000000000000e+02
2.710000000000000000e+02
3.240000000000000000e+02
3.310000000000000000e+02
3.300000000000000000e+02
3.130000000000000000e+02
3.110000000000000000e+02
3.660000000000000000e+02
2.980000000000000000e+02
2.930000000000000000e+02
3.410000000000000000e+02
3.360000000000000000e+02
3.290000000000000000e+02
3.800000000000000000e+02
3.350000000000000000e+02
3.630000000000000000e+02
3.630000000000000000e+02
3.330000000000000000e+02
3.390000000000000000e+02
2.800000000000000000e+02
3.180000000000000000e+02
3.330000000000000000e+02
3.300000000000000000e+02
3.480000000000000000e+02
3.400000000000000000e+02
2.810000000000000000e+02
3.460000000000000000e+02
3.570000000000000000e+02
3.560000000000000000e+02
3.330000000000000000e+02
3.490000000000000000e+02
3.480000000000000000e+02
3.470000000000000000e+02
3.420000000000000000e+02
3.350000000000000000e+02
3.270000000000000000e+02
3.530000000000000000e+02
3.450000000000000000e+02
3.380000000000000000e+02
3.570000000000000000e+02
3.340000000000000000e+02
3.930000000000000000e+02
3.530000000000000000e+02
3.520000000000000000e+02
3.500000000000000000e+02
3.740000000000000000e+02
3.330000000000000000e+02
3.500000000000000000e+02
4.720000000000000000e+02
3.460000000000000000e+02
3.470000000000000000e+02
3.680000000000000000e+02
3.480000000000000000e+02
3.370000000000000000e+02
3.550000000000000000e+02
3.620000000000000000e+02
3.780000000000000000e+02
3.860000000000000000e+02
4.210000000000000000e+02
3.820000000000000000e+02
3.560000000000000000e+02
3.900000000000000000e+02
3.270000000000000000e+02
3.520000000000000000e+02
3.810000000000000000e+02
3.330000000000000000e+02
4.000000000000000000e+02
3.640000000000000000e+02
3.570000000000000000e+02
3.790000000000000000e+02
3.900000000000000000e+02
3.770000000000000000e+02
3.820000000000000000e+02
3.950000000000000000e+02
3.530000000000000000e+02
3.460000000000000000e+02
3.750000000000000000e+02
3.910000000000000000e+02
3.690000000000000000e+02
3.890000000000000000e+02
3.880000000000000000e+02
3.760000000000000000e+02
3.950000000000000000e+02
4.020000000000000000e+02
3.920000000000000000e+02
3.990000000000000000e+02
4.090000000000000000e+02
4.180000000000000000e+02
4.080000000000000000e+02
3.640000000000000000e+02
3.870000000000000000e+02
4.080000000000000000e+02
4.230000000000000000e+02
4.430000000000000000e+02
4.530000000000000000e+02
4.070000000000000000e+02
4.050000000000000000e+02
3.620000000000000000e+02
3.790000000000000000e+02
4.140000000000000000e+02
4.240000000000000000e+02
4.450000000000000000e+02
4.070000000000000000e+02
4.300000000000000000e+02
4.190000000000000000e+02
4.260000000000000000e+02
4.400000000000000000e+02
4.210000000000000000e+02
4.240000000000000000e+02
4.350000000000000000e+02
3.980000000000000000e+02
4.090000000000000000e+02
3.570000000000000000e+02
4.200000000000000000e+02
4.060000000000000000e+02
4.650000000000000000e+02
4.630000000000000000e+02
4.130000000000000000e+02
4.440000000000000000e+02
4.270000000000000000e+02
4.400000000000000000e+02
4.410000000000000000e+02
4.330000000000000000e+02
4.470000000000000000e+02
4.190000000000000000e+02
4.920000000000000000e+02
4.300000000000000000e+02
4.290000000000000000e+02
4.150000000000000000e+02
4.860000000000000000e+02
4.030000000000000000e+02
4.540000000000000000e+02
4.300000000000000000e+02
4.470000000000000000e+02
4.550000000000000000e+02
4.300000000000000000e+02
4.560000000000000000e+02
4.230000000000000000e+02
3.850000000000000000e+02
4.490000000000000000e+02
4.300000000000000000e+02
3.880000000000000000e+02
4.420000000000000000e+02
4.960000000000000000e+02
4.680000000000000000e+02
4.420000000000000000e+02
4.700000000000000000e+02
4.720000000000000000e+02
4.190000000000000000e+02
4.630000000000000000e+02
4.470000000000000000e+02
4.850000000000000000e+02
4.360000000000000000e+02
4.590000000000000000e+02
4.630000000000000000e+02
3.760000000000000000e+02
4.840000000000000000e+02
5.070000000000000000e+02
4.800000000000000000e+02
4.700000000000000000e+02
4.770000000000000000e+02
4.720000000000000000e+02
4.750000000000000000e+02
4.300000000000000000e+02
4.950000000000000000e+02
4.960000000000000000e+02
4.970000000000000000e+02
4.610000000000000000e+02
5.010000000000000000e+02
4.760000000000000000e+02
4.060000000000000000e+02
4.800000000000000000e+02
5.160000000000000000e+02
4.710000000000000000e+02
5.050000000000000000e+02
4.940000000000000000e+02
4.650000000000000000e+02
5.700000000000000000e+02
4.930000000000000000e+02
4.750000000000000000e+02
5.280000000000000000e+02
4.590000000000000000e+02
5.310000000000000000e+02
5.040000000000000000e+02
4.980000000000000000e+02
5.250000000000000000e+02
5.180000000000000000e+02
5.080000000000000000e+02
5.140000000000000000e+02
4.990000000000000000e+02
5.030000000000000000e+02
5.140000000000000000e+02
5.110000000000000000e+02
5.340000000000000000e+02
4.700000000000000000e+02
5.230000000000000000e+02
5.250000000000000000e+02
5.010000000000000000e+02
5.120000000000000000e+02
4.930000000000000000e+02
5.190000000000000000e+02
5.840000000000000000e+02
5.040000000000000000e+02
5.290000000000000000e+02
5.520000000000000000e+02
5.150000000000000000e+02
5.560000000000000000e+02
5.180000000000000000e+02
4.980000000000000000e+02
5.240000000000000000e+02
5.500000000000000000e+02
5.330000000000000000e+02
5.230000000000000000e+02
5.190000000000000000e+02
5.260000000000000000e+02
5.020000000000000000e+02
5.990000000000000000e+02
5.350000000000000000e+02
5.450000000000000000e+02
5.210000000000000000e+02
5.340000000000000000e+02
5.360000000000000000e+02
5.290000000000000000e+02
5.860000000000000000e+02
5.360000000000000000e+02
5.450000000000000000e+02
5.360000000000000000e+02
5.730000000000000000e+02
5.630000000000000000e+02
6.100000000000000000e+02
5.470000000000000000e+02
5.480000000000000000e+02
5.720000000000000000e+02
5.480000000000000000e+02
5.230000000000000000e+02
5.850000000000000000e+02
5.460000000000000000e+02
5.980000000000000000e+02
5.440000000000000000e+02
5.630000000000000000e+02
5.490000000000000000e+02
5.650000000000000000e+02
5.700000000000000000e+02
5.520000000000000000e+02
6.360000000000000000e+02
5.830000000000000000e+02
6.000000000000000000e+02
5.720000000000000000e+02
5.890000000000000000e+02
5.660000000000000000e+02
5.870000000000000000e+02
5.820000000000000000e+02
5.490000000000000000e+02
5.720000000000000000e+02
6.160000000000000000e+02
5.660000000000000000e+02
5.570000000000000000e+02
5.630000000000000000e+02
5.680000000000000000e+02
5.850000000000000000e+02
5.930000000000000000e+02
6.020000000000000000e+02
5.750000000000000000e+02
5.990000000000000000e+02
6.100000000000000000e+02
5.810000000000000000e+02
5.930000000000000000e+02
5.700000000000000000e+02
6.060000000000000000e+02
5.600000000000000000e+02
5.740000000000000000e+02
5.730000000000000000e+02
5.850000000000000000e+02
6.060000000000000000e+02
5.620000000000000000e+02
6.060000000000000000e+02
5.610000000000000000e+02
6.250000000000000000e+02
5.750000000000000000e+02
5.900000000000000000e+02
5.930000000000000000e+02
5.730000000000000000e+02
6.260000000000000000e+02
5.830000000000000000e+02
6.380000000000000000e+02
5.720000000000000000e+02
5.680000000000000000e+02
5.870000000000000000e+02
6.320000000000000000e+02
6.640000000000000000e+02
6.140000000000000000e+02
5.820000000000000000e+02
5.930000000000000000e+02
5.580000000000000000e+02
6.130000000000000000e+02
6.020000000000000000e+02
5.850000000000000000e+02
6.030000000000000000e+02
5.970000000000000000e+02
6.210000000000000000e+02
5.950000000000000000e+02
6.420000000000000000e+02
6.140000000000000000e+02
5.900000000000000000e+02
6.110000000000000000e+02
6.230000000000000000e+02
6.120000000000000000e+02
7.010000000000000000e+02
6.230000000000000000e+02
6.100000000000000000e+02
6.590000000000000000e+02
6.370000000000000000e+02
6.010000000000000000e+02
6.050000000000000000e+02
6.160000000000000000e+02
6.100000000000000000e+02
6.330000000000000000e+02
5.990000000000000000e+02
6.240000000000000000e+02
6.340000000000000000e+02
6.340000000000000000e+02
6.670000000000000000e+02
6.290000000000000000e+02
6.490000000000000000e+02
6.380000000000000000e+02
6.280000000000000000e+02
6.500000000000000000e+02
6.220000000000000000e+02
6.100000000000000000e+02
6.280000000000000000e+02
6.260000000000000000e+02
6.920000000000000000e+02
6.240000000000000000e+02
6.360000000000000000e+02
6.290000000000000000e+02
6.550000000000000000e+02
6.400000000000000000e+02
6.750000000000000000e+02
6.380000000000000000e+02
6.530000000000000000e+02
6.380000000000000000e+02
6.450000000000000000e+02
6.770000000000000000e+02
6.750000000000000000e+02
6.500000000000000000e+02
6.540000000000000000e+02
6.600000000000000000e+02
6.730000000000000000e+02
6.140000000000000000e+02
6.360000000000000000e+02
6.880000000000000000e+02
6.860000000000000000e+02
6.760000000000000000e+02
6.540000000000000000e+02
6.590000000000000000e+02
6.790000000000000000e+02
6.920000000000000000e+02
6.620000000000000000e+02
6.630000000000000000e+02
6.610000000000000000e+02
6.640000000000000000e+02
6.860000000000000000e+02
7.260000000000000000e+02
7.040000000000000000e+02
6.810000000000000000e+02
6.790000000000000000e+02
6.660000000000000000e+02
6.770000000000000000e+02
6.890000000000000000e+02
6.970000000000000000e+02
7.090000000000000000e+02
6.850000000000000000e+02
6.760000000000000000e+02
6.980000000000000000e+02
6.700000000000000000e+02
6.580000000000000000e+02
7.280000000000000000e+02
7.150000000000000000e+02
6.810000000000000000e+02
7.410000000000000000e+02
6.640000000000000000e+02
6.850000000000000000e+02
6.470000000000000000e+02
6.980000000000000000e+02
6.880000000000000000e+02
6.860000000000000000e+02
7.090000000000000000e+02
7.060000000000000000e+02
6.840000000000000000e+02
6.970000000000000000e+02
6.900000000000000000e+02
7.100000000000000000e+02
7.320000000000000000e+02
7.250000000000000000e+02
7.050000000000000000e+02
7.190000000000000000e+02
7.210000000000000000e+02
7.130000000000000000e+02
7.440000000000000000e+02
7.420000000000000000e+02
7.210000000000000000e+02
7.110000000000000000e+02
6.780000000000000000e+02
6.620000000000000000e+02
7.250000000000000000e+02
7.240000000000000000e+02
7.400000000000000000e+02
7.230000000000000000e+02
7.390000000000000000e+02
7.350000000000000000e+02
7.050000000000000000e+02
7.010000000000000000e+02
7.270000000000000000e+02
7.120000000000000000e+02
7.470000000000000000e+02
7.530000000000000000e+02
7.260000000000000000e+02
7.410000000000000000e+02
7.360000000000000000e+02
7.320000000000000000e+02
7.450000000000000000e+02
7.290000000000000000e+02
7.420000000000000000e+02
6.940000000000000000e+02
7.530000000000000000e+02
7.110000000000000000e+02
7.560000000000000000e+02
7.610000000000000000e+02
7.470000000000000000e+02
7.480000000000000000e+02
7.410000000000000000e+02
7.330000000000000000e+02
7.580000000000000000e+02
7.090000000000000000e+02
7.500000000000000000e+02
7.360000000000000000e+02
7.430000000000000000e+02
7.470000000000000000e+02
7.500000000000000000e+02
7.430000000000000000e+02
7.460000000000000000e+02
7.530000000000000000e+02
7.750000000000000000e+02
7.670000000000000000e+02
7.530000000000000000e+02
7.520000000000000000e+02
7.800000000000000000e+02
7.530000000000000000e+02
7.600000000000000000e+02
7.710000000000000000e+02
7.590000000000000000e+02
7.680000000000000000e+02
7.740000000000000000e+02
7.780000000000000000e+02
7.890000000000000000e+02
7.860000000000000000e+02
7.540000000000000000e+02
7.740000000000000000e+02
7.820000000000000000e+02
8.150000000000000000e+02
7.820000000000000000e+02
7.610000000000000000e+02
7.950000000000000000e+02
7.970000000000000000e+02
7.900000000000000000e+02
7.700000000000000000e+02
7.880000000000000000e+02
7.690000000000000000e+02
7.780000000000000000e+02
8.010000000000000000e+02
7.930000000000000000e+02
7.520000000000000000e+02
7.920000000000000000e+02
8.160000000000000000e+02
7.980000000000000000e+02
8.380000000000000000e+02
7.830000000000000000e+02
8.260000000000000000e+02
7.910000000000000000e+02
7.900000000000000000e+02
8.030000000000000000e+02
7.870000000000000000e+02
7.820000000000000000e+02
7.980000000000000000e+02
8.140000000000000000e+02
7.960000000000000000e+02
8.360000000000000000e+02
7.930000000000000000e+02
8.090000000000000000e+02
1.160000000000000000e+03
8.380000000000000000e+02
8.030000000000000000e+02
8.420000000000000000e+02
8.210000000000000000e+02
8.030000000000000000e+02
8.320000000000000000e+02
8.310000000000000000e+02
7.840000000000000000e+02
8.050000000000000000e+02
8.180000000000000000e+02
8.040000000000000000e+02
8.120000000000000000e+02
8.770000000000000000e+02
7.970000000000000000e+02
8.220000000000000000e+02
8.440000000000000000e+02
8.180000000000000000e+02
8.210000000000000000e+02
8.270000000000000000e+02
8.060000000000000000e+02
8.080000000000000000e+02
8.110000000000000000e+02
8.230000000000000000e+02
8.100000000000000000e+02
8.090000000000000000e+02
8.530000000000000000e+02
8.420000000000000000e+02
8.200000000000000000e+02
8.200000000000000000e+02
8.130000000000000000e+02
8.140000000000000000e+02
8.270000000000000000e+02
8.630000000000000000e+02
8.310000000000000000e+02
8.410000000000000000e+02
8.210000000000000000e+02
8.460000000000000000e+02
8.350000000000000000e+02
8.340000000000000000e+02
8.430000000000000000e+02
8.450000000000000000e+02
8.340000000000000000e+02
8.250000000000000000e+02
8.480000000000000000e+02
8.940000000000000000e+02
8.660000000000000000e+02
8.210000000000000000e+02
8.390000000000000000e+02
8.480000000000000000e+02
8.710000000000000000e+02
8.500000000000000000e+02
8.480000000000000000e+02
8.550000000000000000e+02
8.590000000000000000e+02
8.600000000000000000e+02
8.730000000000000000e+02
8.480000000000000000e+02
8.510000000000000000e+02
8.750000000000000000e+02
8.680000000000000000e+02
8.580000000000000000e+02
8.680000000000000000e+02
8.630000000000000000e+02
8.570000000000000000e+02
8.690000000000000000e+02
8.850000000000000000e+02
8.790000000000000000e+02
8.830000000000000000e+02
8.770000000000000000e+02
8.710000000000000000e+02
8.980000000000000000e+02
9.220000000000000000e+02
8.940000000000000000e+02
9.250000000000000000e+02
8.700000000000000000e+02
9.090000000000000000e+02
9.030000000000000000e+02
9.180000000000000000e+02
8.950000000000000000e+02
8.720000000000000000e+02
8.300000000000000000e+02
9.190000000000000000e+02
8.950000000000000000e+02
9.220000000000000000e+02
9.090000000000000000e+02
8.950000000000000000e+02
9.090000000000000000e+02
9.240000000000000000e+02
9.060000000000000000e+02
9.160000000000000000e+02
8.930000000000000000e+02
8.640000000000000000e+02
9.010000000000000000e+02
9.240000000000000000e+02
8.980000000000000000e+02
8.720000000000000000e+02
9.030000000000000000e+02
9.070000000000000000e+02
9.170000000000000000e+02
8.980000000000000000e+02
8.760000000000000000e+02
9.090000000000000000e+02
9.010000000000000000e+02
9.250000000000000000e+02
8.840000000000000000e+02
8.960000000000000000e+02
9.070000000000000000e+02
9.300000000000000000e+02
9.200000000000000000e+02
8.970000000000000000e+02
9.240000000000000000e+02
9.160000000000000000e+02
9.380000000000000000e+02
8.830000000000000000e+02
9.260000000000000000e+02
9.220000000000000000e+02
8.980000000000000000e+02
9.250000000000000000e+02
9.080000000000000000e+02
9.420000000000000000e+02
9.250000000000000000e+02
9.210000000000000000e+02
9.380000000000000000e+02
9.470000000000000000e+02
9.830000000000000000e+02
9.230000000000000000e+02
9.510000000000000000e+02
9.120000000000000000e+02
9.230000000000000000e+02
9.840000000000000000e+02
8.940000000000000000e+02
9.300000000000000000e+02
9.570000000000000000e+02
9.500000000000000000e+02
9.540000000000000000e+02
8.980000000000000000e+02
9.240000000000000000e+02
8.990000000000000000e+02
9.120000000000000000e+02
9.500000000000000000e+02
9.480000000000000000e+02
9.500000000000000000e+02
9.500000000000000000e+02
9.420000000000000000e+02
9.400000000000000000e+02
9.290000000000000000e+02
9.580000000000000000e+02
9.600000000000000000e+02
9.630000000000000000e+02
9.280000000000000000e+02
9.620000000000000000e+02
8.740000000000000000e+02
9.950000000000000000e+02
9.510000000000000000e+02
9.610000000000000000e+02
9.590000000000000000e+02
9.290000000000000000e+02
9.310000000000000000e+02
9.690000000000000000e+02
9.730000000000000000e+02
9.670000000000000000e+02
9.320000000000000000e+02
9.920000000000000000e+02
9.780000000000000000e+02
9.610000000000000000e+02
9.780000000000000000e+02
9.650000000000000000e+02
9.530000000000000000e+02
9.640000000000000000e+02
9.600000000000000000e+02
9.780000000000000000e+02
9.690000000000000000e+02
9.800000000000000000e+02
9.830000000000000000e+02
9.800000000000000000e+02
9.630000000000000000e+02
9.980000000000000000e+02
9.680000000000000000e+02
9.680000000000000000e+02
9.950000000000000000e+02
9.950000000000000000e+02
1.004000000000000000e+03
1.007000000000000000e+03
9.380000000000000000e+02
1.003000000000000000e+03
1.005000000000000000e+03
9.800000000000000000e+02
9.850000000000000000e+02
9.850000000000000000e+02
1.031000000000000000e+03
9.730000000000000000e+02
9.460000000000000000e+02
9.990000000000000000e+02
9.760000000000000000e+02
9.590000000000000000e+02
1.001000000000000000e+03
1.000000000000000000e+03
9.900000000000000000e+02
9.760000000000000000e+02
8.940000000000000000e+02
1.019000000000000000e+03
1.024000000000000000e+03
1.021000000000000000e+03
9.870000000000000000e+02
9.780000000000000000e+02
1.007000000000000000e+03
1.022000000000000000e+03
9.850000000000000000e+02
1.022000000000000000e+03
9.870000000000000000e+02
1.027000000000000000e+03
9.780000000000000000e+02
1.006000000000000000e+03
1.039000000000000000e+03
9.920000000000000000e+02
1.042000000000000000e+03
9.970000000000000000e+02
1.022000000000000000e+03
9.900000000000000000e+02
9.970000000000000000e+02
1.039000000000000000e+03
1.019000000000000000e+03
1.010000000000000000e+03
9.790000000000000000e+02
1.027000000000000000e+03
1.015000000000000000e+03
1.009000000000000000e+03
1.024000000000000000e+03
1.029000000000000000e+03
1.033000000000000000e+03
1.015000000000000000e+03
1.016000000000000000e+03
1.013000000000000000e+03
1.034000000000000000e+03
1.008000000000000000e+03
1.021000000000000000e+03
1.046000000000000000e+03
1.061000000000000000e+03
1.005000000000000000e+03
1.021000000000000000e+03
1.033000000000000000e+03
1.011000000000000000e+03
1.035000000000000000e+03
1.023000000000000000e+03
1.088000000000000000e+03
1.020000000000000000e+03
1.075000000000000000e+03
1.005000000000000000e+03
1.057000000000000000e+03
1.156000000000000000e+03
1.084000000000000000e+03
1.040000000000000000e+03
1.059000000000000000e+03
1.033000000000000000e+03
1.040000000000000000e+03
1.063000000000000000e+03
1.096000000000000000e+03
1.062000000000000000e+03
1.082000000000000000e+03
1.047000000000000000e+03
1.071000000000000000e+03
1.044000000000000000e+03
1.060000000000000000e+03
1.086000000000000000e+03
1.089000000000000000e+03
1.035000000000000000e+03
1.078000000000000000e+03
1.086000000000000000e+03
1.079000000000000000e+03
1.066000000000000000e+03
1.082000000000000000e+03
1.079000000000000000e+03
1.100000000000000000e+03
1.089000000000000000e+03
1.084000000000000000e+03
1.111000000000000000e+03
1.093000000000000000e+03
1.066000000000000000e+03
1.123000000000000000e+03
1.102000000000000000e+03
1.106000000000000000e+03
1.088000000000000000e+03
1.090000000000000000e+03
1.075000000000000000e+03
1.145000000000000000e+03
1.108000000000000000e+03
1.135000000000000000e+03
1.063000000000000000e+03
1.045000000000000000e+03
1.114000000000000000e+03
1.110000000000000000e+03
1.059000000000000000e+03
1.082000000000000000e+03
1.093000000000000000e+03
1.116000000000000000e+03
1.133000000000000000e+03
1.101000000000000000e+03
1.053000000000000000e+03
1.126000000000000000e+03
1.137000000000000000e+03
1.128000000000000000e+03
1.125000000000000000e+03
1.131000000000000000e+03
1.134000000000000000e+03
1.213000000000000000e+03
1.115000000000000000e+03
1.112000000000000000e+03
1.061000000000000000e+03
1.091000000000000000e+03
1.056000000000000000e+03
1.143000000000000000e+03
1.113000000000000000e+03
1.148000000000000000e+03
1.121000000000000000e+03
1.135000000000000000e+03
1.108000000000000000e+03
1.073000000000000000e+03
1.123000000000000000e+03
1.182000000000000000e+03
1.098000000000000000e+03
1.100000000000000000e+03
1.077000000000000000e+03
1.133000000000000000e+03
1.115000000000000000e+03
1.132000000000000000e+03
1.139000000000000000e+03
1.124000000000000000e+03
1.105000000000000000e+03
1.148000000000000000e+03
1.141000000000000000e+03
1.115000000000000000e+03
1.125000000000000000e+03
1.148000000000000000e+03
1.115000000000000000e+03
1.144000000000000000e+03
1.135000000000000000e+03
1.107000000000000000e+03
1.154000000000000000e+03
1.163000000000000000e+03
1.102000000000000000e+03
1.171000000000000000e+03
1.110000000000000000e+03
9.940000000000000000e+02
1.085000000000000000e+03
1.161000000000000000e+03
1.184000000000000000e+03
1.139000000000000000e+03
1.129000000000000000e+03
1.145000000000000000e+03
1.143000000000000000e+03
1.126000000000000000e+03
1.153000000000000000e+03
1.109000000000000000e+03
1.170000000000000000e+03
1.099000000000000000e+03
1.106000000000000000e+03
1.154000000000000000e+03
1.197000000000000000e+03
1.148000000000000000e+03
1.184000000000000000e+03
1.153000000000000000e+03
1.151000000000000000e+03
1.161000000000000000e+03
1.112000000000000000e+03
1.146000000000000000e+03
1.163000000000000000e+03
1.226000000000000000e+03
1.189000000000000000e+03
1.157000000000000000e+03
1.153000000000000000e+03
1.194000000000000000e+03
1.153000000000000000e+03
1.162000000000000000e+03
1.170000000000000000e+03
1.167000000000000000e+03
1.130000000000000000e+03
1.067000000000000000e+03
1.196000000000000000e+03
1.136000000000000000e+03
1.234000000000000000e+03
1.169000000000000000e+03
1.130000000000000000e+03
1.215000000000000000e+03
1.145000000000000000e+03
1.125000000000000000e+03
1.180000000000000000e+03
1.186000000000000000e+03
1.211000000000000000e+03
1.171000000000000000e+03
1.198000000000000000e+03
1.328000000000000000e+03
1.186000000000000000e+03
1.174000000000000000e+03
1.197000000000000000e+03
1.197000000000000000e+03
1.268000000000000000e+03
1.208000000000000000e+03
1.145000000000000000e+03
1.209000000000000000e+03
1.222000000000000000e+03
1.236000000000000000e+03
1.164000000000000000e+03
1.221000000000000000e+03
1.207000000000000000e+03
1.181000000000000000e+03
1.211000000000000000e+03
1.212000000000000000e+03
1.210000000000000000e+03
1.159000000000000000e+03
1.204000000000000000e+03
1.196000000000000000e+03
1.203000000000000000e+03
1.191000000000000000e+03
1.193000000000000000e+03
1.160000000000000000e+03
1.210000000000000000e+03
1.267000000000000000e+03
1.195000000000000000e+03
1.195000000000000000e+03
1.231000000000000000e+03
1.286000000000000000e+03
1.220000000000000000e+03
1.189000000000000000e+03
1.242000000000000000e+03
1.208000000000000000e+03
1.267000000000000000e+03
1.210000000000000000e+03
1.233000000000000000e+03
1.224000000000000000e+03
1.226000000000000000e+03
1.206000000000000000e+03
1.202000000000000000e+03
1.250000000000000000e+03
1.230000000000000000e+03
1.207000000000000000e+03
1.270000000000000000e+03
1.196000000000000000e+03
1.204000000000000000e+03
1.208000000000000000e+03
1.255000000000000000e+03
1.285000000000000000e+03
1.146000000000000000e+03
1.217000000000000000e+03
1.246000000000000000e+03
1.272000000000000000e+03
1.212000000000000000e+03
1.267000000000000000e+03
1.206000000000000000e+03
1.280000000000000000e+03
1.292000000000000000e+03
1.199000000000000000e+03
1.215000000000000000e+03
1.284000000000000000e+03
1.287000000000000000e+03
1.214000000000000000e+03
1.240000000000000000e+03
1.243000000000000000e+03
1.264000000000000000e+03
1.245000000000000000e+03
1.229000000000000000e+03
1.215000000000000000e+03
1.302000000000000000e+03
1.214000000000000000e+03
1.275000000000000000e+03
1.308000000000000000e+03
1.258000000000000000e+03
1.299000000000000000e+03
1.270000000000000000e+03
1.289000000000000000e+03
1.261000000000000000e+03
1.331000000000000000e+03
1.312000000000000000e+03
1.343000000000000000e+03
1.282000000000000000e+03
1.274000000000000000e+03
1.278000000000000000e+03
1.267000000000000000e+03
1.274000000000000000e+03
1.335000000000000000e+03
1.242000000000000000e+03
1.240000000000000000e+03
1.235000000000000000e+03
1.262000000000000000e+03
1.265000000000000000e+03
1.244000000000000000e+03
1.277000000000000000e+03
1.274000000000000000e+03
1.241000000000000000e+03
1.316000000000000000e+03
1.269000000000000000e+03
1.317000000000000000e+03
1.321000000000000000e+03
1.334000000000000000e+03
1.325000000000000000e+03
1.324000000000000000e+03
1.287000000000000000e+03
1.403000000000000000e+03
1.305000000000000000e+03
1.317000000000000000e+03
1.315000000000000000e+03
1.272000000000000000e+03
1.272000000000000000e+03
1.285000000000000000e+03
1.284000000000000000e+03
1.270000000000000000e+03
1.320000000000000000e+03
1.301000000000000000e+03
1.323000000000000000e+03
1.287000000000000000e+03
1.306000000000000000e+03
1.351000000000000000e+03
1.364000000000000000e+03
1.313000000000000000e+03
1.271000000000000000e+03
1.392000000000000000e+03
1.348000000000000000e+03
1.289000000000000000e+03
1.375000000000000000e+03
1.327000000000000000e+03
1.297000000000000000e+03
1.291000000000000000e+03
1.416000000000000000e+03
1.336000000000000000e+03
1.285000000000000000e+03
1.267000000000000000e+03
1.282000000000000000e+03
1.300000000000000000e+03
1.334000000000000000e+03
1.280000000000000000e+03
1.345000000000000000e+03
1.308000000000000000e+03
1.330000000000000000e+03
1.265000000000000000e+03
1.261000000000000000e+03
1.328000000000000000e+03
1.340000000000000000e+03
1.385000000000000000e+03
1.357000000000000000e+03
1.332000000000000000e+03
1.311000000000000000e+03
1.344000000000000000e+03
1.388000000000000000e+03
1.344000000000000000e+03
1.351000000000000000e+03
1.296000000000000000e+03
1.320000000000000000e+03
1.409000000000000000e+03
1.335000000000000000e+03
1.358000000000000000e+03
1.317000000000000000e+03
1.309000000000000000e+03
1.349000000000000000e+03
1.304000000000000000e+03
1.390000000000000000e+03
1.314000000000000000e+03
1.417000000000000000e+03
1.326000000000000000e+03
1.316000000000000000e+03
1.372000000000000000e+03
1.352000000000000000e+03
1.363000000000000000e+03
1.341000000000000000e+03
1.443000000000000000e+03
1.351000000000000000e+03
1.399000000000000000e+03
1.299000000000000000e+03
1.274000000000000000e+03
1.427000000000000000e+03
1.370000000000000000e+03
1.392000000000000000e+03
1.391000000000000000e+03
1.390000000000000000e+03
1.401000000000000000e+03
1.328000000000000000e+03
1.364000000000000000e+03
1.373000000000000000e+03
1.383000000000000000e+03
1.512000000000000000e+03
1.381000000000000000e+03
1.387000000000000000e+03
1.381000000000000000e+03
1.439000000000000000e+03
1.369000000000000000e+03
1.343000000000000000e+03
1.391000000000000000e+03
1.389000000000000000e+03
1.400000000000000000e+03
1.449000000000000000e+03
1.381000000000000000e+03
1.399000000000000000e+03
1.403000000000000000e+03
1.403000000000000000e+03
1.387000000000000000e+03
1.308000000000000000e+03
1.391000000000000000e+03
1.317000000000000000e+03
1.308000000000000000e+03
1.306000000000000000e+03
1.424000000000000000e+03
1.357000000000000000e+03
1.441000000000000000e+03
1.300000000000000000e+03
1.475000000000000000e+03
1.406000000000000000e+03
1.338000000000000000e+03
1.430000000000000000e+03
1.404000000000000000e+03
1.406000000000000000e+03
1.409000000000000000e+03
1.362000000000000000e+03
1.428000000000000000e+03
1.377000000000000000e+03
1.325000000000000000e+03
1.479000000000000000e+03
1.434000000000000000e+03
1.402000000000000000e+03
1.391000000000000000e+03
1.402000000000000000e+03
1.414000000000000000e+03
1.401000000000000000e+03
1.416000000000000000e+03
1.431000000000000000e+03
1.455000000000000000e+03
1.443000000000000000e+03
1.375000000000000000e+03
1.488000000000000000e+03
1.478000000000000000e+03
1.417000000000000000e+03
1.622000000000000000e+03
1.453000000000000000e+03
1.433000000000000000e+03
1.436000000000000000e+03
1.489000000000000000e+03
1.414000000000000000e+03
1.416000000000000000e+03
1.453000000000000000e+03
1.456000000000000000e+03
1.414000000000000000e+03
1.338000000000000000e+03
1.485000000000000000e+03
1.436000000000000000e+03
1.509000000000000000e+03
1.461000000000000000e+03
1.471000000000000000e+03
1.488000000000000000e+03
1.483000000000000000e+03
1.452000000000000000e+03
1.444000000000000000e+03
1.554000000000000000e+03
1.511000000000000000e+03
1.436000000000000000e+03
1.509000000000000000e+03
1.482000000000000000e+03
1.478000000000000000e+03
1.442000000000000000e+03
1.537000000000000000e+03
1.443000000000000000e+03
1.442000000000000000e+03
1.422000000000000000e+03
1.473000000000000000e+03
1.498000000000000000e+03
1.447000000000000000e+03
1.437000000000000000e+03
1.518000000000000000e+03
1.460000000000000000e+03
1.420000000000000000e+03
1.471000000000000000e+03
1.481000000000000000e+03
1.483000000000000000e+03
1.477000000000000000e+03
1.503000000000000000e+03
1.460000000000000000e+03
1.476000000000000000e+03
1.460000000000000000e+03
1.483000000000000000e+03
1.471000000000000000e+03
1.492000000000000000e+03
1.388000000000000000e+03
1.511000000000000000e+03
1.619000000000000000e+03
1.469000000000000000e+03
1.455000000000000000e+03
1.483000000000000000e+03
1.485000000000000000e+03
1.501000000000000000e+03
1.463000000000000000e+03
1.528000000000000000e+03
1.477000000000000000e+03
1.492000000000000000e+03
1.501000000000000000e+03
1.522000000000000000e+03
1.511000000000000000e+03
1.493000000000000000e+03
1.528000000000000000e+03
1.493000000000000000e+03
1.462000000000000000e+03
1.492000000000000000e+03
1.493000000000000000e+03
1.569000000000000000e+03
1.524000000000000000e+03
1.567000000000000000e+03
1.544000000000000000e+03
1.470000000000000000e+03
1.468000000000000000e+03
1.585000000000000000e+03
1.505000000000000000e+03
1.517000000000000000e+03
1.537000000000000000e+03
1.542000000000000000e+03
1.521000000000000000e+03
1.499000000000000000e+03
1.566000000000000000e+03
1.496000000000000000e+03
1.438000000000000000e+03
1.496000000000000000e+03
1.508000000000000000e+03
1.579000000000000000e+03
1.543000000000000000e+03
1.537000000000000000e+03
1.593000000000000000e+03
1.545000000000000000e+03
1.507000000000000000e+03
1.509000000000000000e+03
1.514000000000000000e+03
1.511000000000000000e+03
1.524000000000000000e+03
1.495000000000000000e+03
1.526000000000000000e+03
1.583000000000000000e+03
1.554000000000000000e+03
1.588000000000000000e+03
1.605000000000000000e+03
1.579000000000000000e+03
1.518000000000000000e+03
1.569000000000000000e+03
1.557000000000000000e+03
1.583000000000000000e+03
1.566000000000000000e+03
1.482000000000000000e+03
1.532000000000000000e+03
1.608000000000000000e+03
1.447000000000000000e+03
1.543000000000000000e+03
1.549000000000000000e+03
1.538000000000000000e+03
1.552000000000000000e+03
1.573000000000000000e+03
1.524000000000000000e+03
1.547000000000000000e+03
1.562000000000000000e+03
1.585000000000000000e+03
1.597000000000000000e+03
1.594000000000000000e+03
1.560000000000000000e+03
1.555000000000000000e+03
1.563000000000000000e+03
1.569000000000000000e+03
1.568000000000000000e+03
1.497000000000000000e+03
1.550000000000000000e+03
1.479000000000000000e+03
1.484000000000000000e+03
1.533000000000000000e+03
1.547000000000000000e+03
1.608000000000000000e+03
1.625000000000000000e+03
1.575000000000000000e+03
1.597000000000000000e+03
1.592000000000000000e+03
1.560000000000000000e+03
1.599000000000000000e+03
1.626000000000000000e+03
1.537000000000000000e+03
1.584000000000000000e+03
1.588000000000000000e+03
1.572000000000000000e+03
1.598000000000000000e+03
1.556000000000000000e+03
1.562000000000000000e+03
1.580000000000000000e+03
1.579000000000000000e+03
1.616000000000000000e+03
1.566000000000000000e+03
1.551000000000000000e+03
1.721000000000000000e+03
1.559000000000000000e+03
1.696000000000000000e+03
1.594000000000000000e+03
1.560000000000000000e+03
1.602000000000000000e+03
1.611000000000000000e+03
1.585000000000000000e+03
1.551000000000000000e+03
1.616000000000000000e+03
1.610000000000000000e+03
1.573000000000000000e+03
1.595000000000000000e+03
1.590000000000000000e+03
1.629000000000000000e+03
1.623000000000000000e+03
1.592000000000000000e+03
1.635000000000000000e+03
1.603000000000000000e+03
1.678000000000000000e+03
1.672000000000000000e+03
1.674000000000000000e+03
1.939000000000000000e+03
1.618000000000000000e+03
1.589000000000000000e+03
1.610000000000000000e+03
1.603000000000000000e+03
1.582000000000000000e+03
1.638000000000000000e+03
1.607000000000000000e+03
1.646000000000000000e+03
1.666000000000000000e+03
1.637000000000000000e+03
1.616000000000000000e+03
1.631000000000000000e+03
1.586000000000000000e+03
1.642000000000000000e+03
1.629000000000000000e+03
1.606000000000000000e+03
1.739000000000000000e+03
1.670000000000000000e+03
1.610000000000000000e+03
1.628000000000000000e+03
1.608000000000000000e+03
1.593000000000000000e+03
1.653000000000000000e+03
1.579000000000000000e+03
1.648000000000000000e+03
1.606000000000000000e+03
1.722000000000000000e+03
1.648000000000000000e+03
1.610000000000000000e+03
1.610000000000000000e+03
1.611000000000000000e+03
1.628000000000000000e+03
1.630000000000000000e+03
1.565000000000000000e+03
1.627000000000000000e+03
1.618000000000000000e+03
1.692000000000000000e+03
1.628000000000000000e+03
1.634000000000000000e+03
1.685000000000000000e+03
1.665000000000000000e+03
1.640000000000000000e+03
1.578000000000000000e+03
1.674000000000000000e+03
1.653000000000000000e+03
1.646000000000000000e+03
1.683000000000000000e+03
1.647000000000000000e+03
1.630000000000000000e+03
1.653000000000000000e+03
1.645000000000000000e+03
1.623000000000000000e+03
1.683000000000000000e+03
1.593000000000000000e+03
1.640000000000000000e+03
1.567000000000000000e+03
1.639000000000000000e+03
1.815000000000000000e+03
1.692000000000000000e+03
1.604000000000000000e+03
1.665000000000000000e+03
1.669000000000000000e+03
1.683000000000000000e+03
1.689000000000000000e+03
1.705000000000000000e+03
1.662000000000000000e+03
1.701000000000000000e+03
1.641000000000000000e+03
1.732000000000000000e+03
1.677000000000000000e+03
1.792000000000000000e+03
1.668000000000000000e+03
1.695000000000000000e+03
1.689000000000000000e+03
1.680000000000000000e+03
1.779000000000000000e+03
1.745000000000000000e+03
1.647000000000000000e+03
1.723000000000000000e+03
1.670000000000000000e+03
1.679000000000000000e+03
1.710000000000000000e+03
1.659000000000000000e+03
1.675000000000000000e+03
1.694000000000000000e+03
1.688000000000000000e+03
1.689000000000000000e+03
1.699000000000000000e+03
1.695000000000000000e+03
1.738000000000000000e+03
1.688000000000000000e+03
1.757000000000000000e+03
1.731000000000000000e+03
1.736000000000000000e+03
1.740000000000000000e+03
1.695000000000000000e+03
1.703000000000000000e+03
1.749000000000000000e+03
1.718000000000000000e+03
1.724000000000000000e+03
1.642000000000000000e+03
1.707000000000000000e+03
1.724000000000000000e+03
1.739000000000000000e+03
1.719000000000000000e+03
1.741000000000000000e+03
1.754000000000000000e+03
1.702000000000000000e+03
1.714000000000000000e+03
1.660000000000000000e+03
1.727000000000000000e+03
1.775000000000000000e+03
1.865000000000000000e+03
1.687000000000000000e+03
1.701000000000000000e+03
1.700000000000000000e+03
1.691000000000000000e+03
1.785000000000000000e+03
1.746000000000000000e+03
1.768000000000000000e+03
1.798000000000000000e+03
1.743000000000000000e+03
1.691000000000000000e+03
1.802000000000000000e+03
1.703000000000000000e+03
1.746000000000000000e+03
1.746000000000000000e+03
1.752000000000000000e+03
1.697000000000000000e+03
1.725000000000000000e+03
1.767000000000000000e+03
1.816000000000000000e+03
1.751000000000000000e+03
1.799000000000000000e+03
1.750000000000000000e+03
1.919000000000000000e+03
1.746000000000000000e+03
1.784000000000000000e+03
1.710000000000000000e+03
1.961000000000000000e+03
1.763000000000000000e+03
1.722000000000000000e+03
1.725000000000000000e+03
1.774000000000000000e+03
1.741000000000000000e+03
1.817000000000000000e+03
1.761000000000000000e+03
1.726000000000000000e+03
1.731000000000000000e+03
1.753000000000000000e+03
1.756000000000000000e+03
1.771000000000000000e+03
1.767000000000000000e+03
1.799000000000000000e+03
1.771000000000000000e+03
1.789000000000000000e+03
1.768000000000000000e+03
1.766000000000000000e+03
1.895000000000000000e+03
1.772000000000000000e+03
1.804000000000000000e+03
1.762000000000000000e+03
1.767000000000000000e+03
1.753000000000000000e+03
1.754000000000000000e+03
1.783000000000000000e+03
1.793000000000000000e+03
1.811000000000000000e+03
1.712000000000000000e+03
1.737000000000000000e+03
1.808000000000000000e+03
1.800000000000000000e+03
1.774000000000000000e+03
1.816000000000000000e+03
1.813000000000000000e+03
1.785000000000000000e+03
1.790000000000000000e+03
1.761000000000000000e+03
1.744000000000000000e+03
1.805000000000000000e+03
1.789000000000000000e+03
1.815000000000000000e+03
1.825000000000000000e+03
1.876000000000000000e+03
1.812000000000000000e+03
1.843000000000000000e+03
1.852000000000000000e+03
1.815000000000000000e+03
1.824000000000000000e+03
1.820000000000000000e+03
1.831000000000000000e+03
1.790000000000000000e+03
1.792000000000000000e+03
1.732000000000000000e+03
1.808000000000000000e+03
1.822000000000000000e+03
1.803000000000000000e+03
1.804000000000000000e+03
1.868000000000000000e+03
1.798000000000000000e+03
1.798000000000000000e+03
1.796000000000000000e+03
1.797000000000000000e+03
1.795000000000000000e+03
1.847000000000000000e+03
1.817000000000000000e+03
1.809000000000000000e+03
1.836000000000000000e+03
1.823000000000000000e+03
1.798000000000000000e+03
1.819000000000000000e+03
1.841000000000000000e+03
1.871000000000000000e+03
1.801000000000000000e+03
1.801000000000000000e+03
1.865000000000000000e+03
1.862000000000000000e+03
1.838000000000000000e+03
1.852000000000000000e+03
1.845000000000000000e+03
1.793000000000000000e+03
1.872000000000000000e+03
1.863000000000000000e+03
1.856000000000000000e+03
1.805000000000000000e+03
1.842000000000000000e+03
1.834000000000000000e+03
1.823000000000000000e+03
1.821000000000000000e+03
1.869000000000000000e+03
1.820000000000000000e+03
1.842000000000000000e+03
1.864000000000000000e+03
1.860000000000000000e+03
1.850000000000000000e+03
1.847000000000000000e+03
1.851000000000000000e+03
1.868000000000000000e+03
1.854000000000000000e+03
1.851000000000000000e+03
1.848000000000000000e+03
1.872000000000000000e+03
1.824000000000000000e+03
1.886000000000000000e+03
1.874000000000000000e+03
1.866000000000000000e+03
1.874000000000000000e+03
1.876000000000000000e+03
1.857000000000000000e+03
1.848000000000000000e+03
1.875000000000000000e+03
1.886000000000000000e+03
1.894000000000000000e+03
1.841000000000000000e+03
1.870000000000000000e+03
1.837000000000000000e+03
1.874000000000000000e+03
1.850000000000000000e+03
1.792000000000000000e+03
1.853000000000000000e+03
1.910000000000000000e+03
1.847000000000000000e+03
1.858000000000000000e+03
1.872000000000000000e+03
1.919000000000000000e+03
1.886000000000000000e+03
1.914000000000000000e+03
1.835000000000000000e+03
1.871000000000000000e+03
1.855000000000000000e+03
1.898000000000000000e+03
1.982000000000000000e+03
1.843000000000000000e+03
1.892000000000000000e+03
1.885000000000000000e+03
1.876000000000000000e+03
1.883000000000000000e+03
1.843000000000000000e+03
1.895000000000000000e+03
1.895000000000000000e+03
1.865000000000000000e+03
1.897000000000000000e+03
1.901000000000000000e+03
1.862000000000000000e+03
1.936000000000000000e+03
1.884000000000000000e+03
1.906000000000000000e+03
1.897000000000000000e+03
1.888000000000000000e+03
1.919000000000000000e+03
1.906000000000000000e+03
1.882000000000000000e+03
1.888000000000000000e+03
1.910000000000000000e+03
1.931000000000000000e+03
1.911000000000000000e+03
1.923000000000000000e+03
1.910000000000000000e+03
1.878000000000000000e+03
1.918000000000000000e+03
1.921000000000000000e+03
1.922000000000000000e+03
1.907000000000000000e+03
1.919000000000000000e+03
1.915000000000000000e+03
1.927000000000000000e+03
1.923000000000000000e+03
1.921000000000000000e+03
1.922000000000000000e+03
1.911000000000000000e+03
1.926000000000000000e+03
1.914000000000000000e+03
1.922000000000000000e+03
1.911000000000000000e+03
1.936000000000000000e+03
1.937000000000000000e+03
1.932000000000000000e+03
1.927000000000000000e+03
1.921000000000000000e+03
1.965000000000000000e+03
1.944000000000000000e+03
1.944000000000000000e+03
1.933000000000000000e+03
1.942000000000000000e+03
1.936000000000000000e+03
1.927000000000000000e+03
1.944000000000000000e+03
1.953000000000000000e+03
1.945000000000000000e+03
1.939000000000000000e+03
1.936000000000000000e+03
1.943000000000000000e+03
1.934000000000000000e+03
1.957000000000000000e+03
1.956000000000000000e+03
1.959000000000000000e+03
1.954000000000000000e+03
1.943000000000000000e+03
1.964000000000000000e+03
1.943000000000000000e+03
1.951000000000000000e+03
1.946000000000000000e+03
1.942000000000000000e+03
1.980000000000000000e+03
1.953000000000000000e+03
1.964000000000000000e+03
1.929000000000000000e+03
1.946000000000000000e+03
1.960000000000000000e+03
1.960000000000000000e+03
1.974000000000000000e+03
1.958000000000000000e+03
1.965000000000000000e+03
1.959000000000000000e+03
1.958000000000000000e+03
1.952000000000000000e+03
1.879000000000000000e+03
1.972000000000000000e+03
1.976000000000000000e+03
1.986000000000000000e+03
1.965000000000000000e+03
1.977000000000000000e+03
1.978000000000000000e+03
1.966000000000000000e+03
1.973000000000000000e+03
1.973000000000000000e+03
1.942000000000000000e+03
2.004000000000000000e+03
1.985000000000000000e+03
1.984000000000000000e+03
1.996000000000000000e+03
1.934000000000000000e+03
1.985000000000000000e+03
1.988000000000000000e+03
1.995000000000000000e+03
1.909000000000000000e+03
1.981000000000000000e+03
1.976000000000000000e+03
1.974000000000000000e+03
1.996000000000000000e+03
1.990000000000000000e+03
2.009000000000000000e+03
1.995000000000000000e+03
2.024000000000000000e+03
1.982000000000000000e+03
1.961000000000000000e+03
1.984000000000000000e+03
1.979000000000000000e+03
1.982000000000000000e+03
2.002000000000000000e+03
2.026000000000000000e+03
1.989000000000000000e+03
2.004000000000000000e+03
1.997000000000000000e+03
2.008000000000000000e+03
2.000000000000000000e+03
1.974000000000000000e+03
2.002000000000000000e+03
2.018000000000000000e+03
1.975000000000000000e+03
2.022000000000000000e+03
2.016000000000000000e+03
1.976000000000000000e+03
2.009000000000000000e+03
2.020000000000000000e+03
2.035000000000000000e+03
2.027000000000000000e+03
2.010000000000000000e+03
2.017000000000000000e+03
2.016000000000000000e+03
2.026000000000000000e+03
2.026000000000000000e+03
2.034000000000000000e+03
2.001000000000000000e+03
2.031000000000000000e+03
2.028000000000000000e+03
2.005000000000000000e+03
2.008000000000000000e+03
2.011000000000000000e+03
2.016000000000000000e+03
2.040000000000000000e+03
2.023000000000000000e+03
2.022000000000000000e+03
2.034000000000000000e+03
2.049000000000000000e+03
2.034000000000000000e+03
2.041000000000000000e+03
2.029000000000000000e+03
2.036000000000000000e+03
2.045000000000000000e+03
2.037000000000000000e+03
2.040000000000000000e+03
2.039000000000000000e+03
2.047000000000000000e+03
2.054000000000000000e+03
2.037000000000000000e+03
2.039000000000000000e+03
2.032000000000000000e+03
2.098000000000000000e+03
2.039000000000000000e+03
2.036000000000000000e+03
2.058000000000000000e+03
2.045000000000000000e+03
2.068000000000000000e+03
2.058000000000000000e+03
2.023000000000000000e+03
2.160000000000000000e+03
2.060000000000000000e+03
2.062000000000000000e+03
2.065000000000000000e+03
2.056000000000000000e+03
2.059000000000000000e+03
2.072000000000000000e+03
2.019000000000000000e+03
2.073000000000000000e+03
2.082000000000000000e+03
2.088000000000000000e+03
2.043000000000000000e+03
2.065000000000000000e+03
2.083000000000000000e+03
2.070000000000000000e+03
2.067000000000000000e+03
2.086000000000000000e+03
2.085000000000000000e+03
2.076000000000000000e+03
2.071000000000000000e+03
2.076000000000000000e+03
2.089000000000000000e+03
2.089000000000000000e+03
2.104000000000000000e+03
2.053000000000000000e+03
2.096000000000000000e+03
2.095000000000000000e+03
2.075000000000000000e+03
2.097000000000000000e+03
2.072000000000000000e+03
2.077000000000000000e+03
2.081000000000000000e+03
2.074000000000000000e+03
2.089000000000000000e+03
2.086000000000000000e+03
2.118000000000000000e+03
2.109000000000000000e+03
2.084000000000000000e+03
2.077000000000000000e+03
2.089000000000000000e+03
2.080000000000000000e+03
2.111000000000000000e+03
2.075000000000000000e+03
2.103000000000000000e+03
2.098000000000000000e+03
2.091000000000000000e+03
2.107000000000000000e+03
2.114000000000000000e+03
2.111000000000000000e+03
2.062000000000000000e+03
2.013000000000000000e+03
2.130000000000000000e+03
2.113000000000000000e+03
2.095000000000000000e+03
2.135000000000000000e+03
2.105000000000000000e+03
2.095000000000000000e+03
2.098000000000000000e+03
2.099000000000000000e+03
2.130000000000000000e+03
2.116000000000000000e+03
2.141000000000000000e+03
2.114000000000000000e+03
2.135000000000000000e+03
2.113000000000000000e+03
2.120000000000000000e+03
2.107000000000000000e+03
2.121000000000000000e+03
2.122000000000000000e+03
2.122000000000000000e+03
2.113000000000000000e+03
2.097000000000000000e+03
2.129000000000000000e+03
2.119000000000000000e+03
2.126000000000000000e+03
2.128000000000000000e+03
2.135000000000000000e+03
2.097000000000000000e+03
2.147000000000000000e+03
2.136000000000000000e+03
2.129000000000000000e+03
2.137000000000000000e+03
2.163000000000000000e+03
2.130000000000000000e+03
2.166000000000000000e+03
2.193000000000000000e+03
2.153000000000000000e+03
2.149000000000000000e+03
2.143000000000000000e+03
2.137000000000000000e+03
2.153000000000000000e+03
2.160000000000000000e+03
2.145000000000000000e+03
2.132000000000000000e+03
2.106000000000000000e+03
2.125000000000000000e+03
2.152000000000000000e+03
2.209000000000000000e+03
2.180000000000000000e+03
2.174000000000000000e+03
2.151000000000000000e+03
2.159000000000000000e+03
2.155000000000000000e+03
2.190000000000000000e+03
2.177000000000000000e+03
2.177000000000000000e+03
2.168000000000000000e+03
2.162000000000000000e+03
2.173000000000000000e+03
2.184000000000000000e+03
2.161000000000000000e+03
2.158000000000000000e+03
2.190000000000000000e+03
2.162000000000000000e+03
2.145000000000000000e+03
2.153000000000000000e+03
2.183000000000000000e+03
2.179000000000000000e+03
2.173000000000000000e+03
2.186000000000000000e+03
2.172000000000000000e+03
2.202000000000000000e+03
2.183000000000000000e+03
2.189000000000000000e+03
2.220000000000000000e+03
2.194000000000000000e+03
2.222000000000000000e+03
2.205000000000000000e+03
2.184000000000000000e+03
2.175000000000000000e+03
2.164000000000000000e+03
2.212000000000000000e+03
2.184000000000000000e+03
2.189000000000000000e+03
2.220000000000000000e+03
2.202000000000000000e+03
2.165000000000000000e+03
2.206000000000000000e+03
2.212000000000000000e+03
2.199000000000000000e+03
2.203000000000000000e+03
2.215000000000000000e+03
2.198000000000000000e+03
2.204000000000000000e+03
2.212000000000000000e+03
2.206000000000000000e+03
2.186000000000000000e+03
2.217000000000000000e+03
2.206000000000000000e+03
2.229000000000000000e+03
2.192000000000000000e+03
2.190000000000000000e+03
2.215000000000000000e+03
2.230000000000000000e+03
2.225000000000000000e+03
2.221000000000000000e+03
2.217000000000000000e+03
2.219000000000000000e+03
2.211000000000000000e+03
2.238000000000000000e+03
2.232000000000000000e+03
2.242000000000000000e+03
2.316000000000000000e+03
2.217000000000000000e+03
2.197000000000000000e+03
2.225000000000000000e+03
2.192000000000000000e+03
2.229000000000000000e+03
2.225000000000000000e+03
2.227000000000000000e+03
2.246000000000000000e+03
2.224000000000000000e+03
2.231000000000000000e+03
2.220000000000000000e+03
2.250000000000000000e+03
2.225000000000000000e+03
2.242000000000000000e+03
2.249000000000000000e+03
2.242000000000000000e+03
2.228000000000000000e+03
2.243000000000000000e+03
2.237000000000000000e+03
2.250000000000000000e+03
2.237000000000000000e+03
2.256000000000000000e+03
2.244000000000000000e+03
2.226000000000000000e+03
2.210000000000000000e+03
2.239000000000000000e+03
2.247000000000000000e+03
2.253000000000000000e+03
2.267000000000000000e+03
2.270000000000000000e+03
2.263000000000000000e+03
2.237000000000000000e+03
2.261000000000000000e+03
2.243000000000000000e+03
2.270000000000000000e+03
2.259000000000000000e+03
2.246000000000000000e+03
2.261000000000000000e+03
2.264000000000000000e+03
2.260000000000000000e+03
2.258000000000000000e+03
2.264000000000000000e+03
2.264000000000000000e+03
2.265000000000000000e+03
2.268000000000000000e+03
2.268000000000000000e+03
2.257000000000000000e+03
2.265000000000000000e+03
2.267000000000000000e+03
2.272000000000000000e+03
2.266000000000000000e+03
2.274000000000000000e+03
2.272000000000000000e+03
2.275000000000000000e+03
2.278000000000000000e+03
2.284000000000000000e+03
2.277000000000000000e+03
2.278000000000000000e+03
2.285000000000000000e+03
2.277000000000000000e+03
2.284000000000000000e+03
2.283000000000000000e+03
2.288000000000000000e+03
2.284000000000000000e+03