,casscf,d,hf,z1,z2
0,-189.4021673225003,0.6,-189.2736789900003,2.0,12.0
1,-190.17827138678598,0.7,-190.048721654286,2.0,12.0
2,-190.62029079750025,0.8,-190.49477406000025,2.0,12.0
3,-190.85323649083352,0.9,-190.73172739333353,2.0,12.0
4,-190.96995590000017,1.0,-190.85115870000018,2.0,12.0
5,-191.02297153295473,1.1,-190.9051658354547,2.0,12.0
6,-191.04074576000016,1.2,-190.92222087000016,2.0,12.0
7,-191.04079618942325,1.3,-190.92026222692323,2.0,12.0
8,-191.03506361714298,1.4,-190.911621857143,2.0,12.0
9,-191.03031942750013,1.5,-190.90339918000012,2.0,12.0
10,-191.0284054000001,1.6,-190.8977254500001,2.0,12.0
11,-191.02805912691184,1.7,-190.89357426941186,2.0,12.0
12,-191.0272374541668,1.8,-190.88904936666677,2.0,12.0
13,-191.02460308263167,1.9,-190.8828632926317,2.0,12.0
14,-191.0240395725001,2.0,-190.8747392200001,2.0,12.0
15,-191.02084568892866,2.1,-190.86513194142867,2.0,12.0
16,-191.01667206522737,2.2,-190.85477175272734,2.0,12.0
17,-191.01256395663052,2.3,-190.84434272913052,2.0,12.0
18,-191.0091543950001,2.4,-190.83435934000008,2.0,12.0
19,-191.0029282059616,2.6,-190.8169774284616,2.0,12.0
20,-190.99940172027783,2.7,-190.80990374777784,2.0,12.0
21,-190.9954929885715,2.8,-190.8039755885715,2.0,12.0
22,-190.99127561784488,2.9,-190.7991548303449,2.0,12.0
23,-190.98689192000003,3.0,-190.79535011000004,2.0,12.0
24,-190.98252460564524,3.1,-190.79243441064523,2.0,12.0
25,-190.97836595000007,3.2,-190.79026338000006,2.0,12.0
26,-190.96854556535718,3.5,-190.78682304285718,2.0,12.0
27,-190.96460445358113,3.7,-190.78598153108112,2.0,12.0
28,-190.96329636131583,3.8,-190.78576945631585,2.0,12.0
29,-190.96233361980774,3.9,-190.78563725230774,2.0,12.0
30,-190.96164471250006,4.0,-190.78555664000004,2.0,12.0
31,-190.96084027571433,4.2,-190.7854804357143,2.0,12.0
32,-190.96062573930237,4.3,-190.78546435930235,2.0,12.0
33,-190.96048758386365,4.4,-190.7854553663637,2.0,12.0
34,-190.96040073416668,4.5,-190.7854504566667,2.0,12.0
35,-190.96034741456526,4.6,-190.78544785956527,2.0,12.0
36,-190.9603154328192,4.7,-190.7854465453192,2.0,12.0
37,-190.96029671000002,4.8,-190.78544594000005,2.0,12.0
38,-190.9602860141837,4.9,-190.78544569918373,2.0,12.0
39,-190.96028008500005,5.0,-190.78544567000003,2.0,12.0
40,-183.19926199333366,0.6,-182.97995166333365,2.2,11.8
41,-184.058795544286,0.7,-183.851193634286,2.2,11.8
42,-184.54643235000023,0.8,-184.35546154000025,2.2,11.8
43,-184.80696154888912,0.9,-184.62928499888912,2.2,11.8
44,-184.9438196400002,1.0,-184.7726505000002,2.2,11.8
45,-185.0143737700002,1.1,-184.84260732000018,2.2,11.8
46,-185.04937424666684,1.2,-184.87086519666684,2.2,11.8
47,-185.0672967315386,1.3,-184.87721174153862,2.2,11.8
48,-185.080017617143,1.4,-184.874835667143,2.2,11.8
49,-185.09382004333347,1.5,-184.87122745333346,2.2,11.8
50,-185.11002016000015,1.6,-184.86880622000012,2.2,11.8
51,-185.12694862764715,1.7,-184.86683894764715,2.2,11.8
52,-185.14228703444456,1.8,-184.86369777444455,2.2,11.8
53,-185.15449149526324,1.9,-184.85829479526325,2.2,11.8
54,-185.1630953000001,2.0,-184.85047293000008,2.2,11.8
55,-185.16836600809535,2.1,-184.84074590809533,2.2,11.8
56,-185.17087531000007,2.2,-184.8298738400001,2.2,11.8
57,-185.17110372782616,2.3,-184.81856987782618,2.2,11.8
58,-185.1694823433334,2.4,-184.80739298333341,2.2,11.8
59,-185.16633878000007,2.5,-184.79675196000008,2.2,11.8
60,-185.1619602707693,2.6,-184.7869390307693,2.2,11.8
61,-185.15663244629636,2.7,-184.77815430629636,2.2,11.8
62,-185.15065853857152,2.8,-184.77051689857151,2.2,11.8
63,-185.1443607706897,2.9,-184.76407087068972,2.2,11.8
64,-185.13806611666672,3.0,-184.75879257666674,2.2,11.8
65,-185.1320792680646,3.1,-184.75460218806458,2.2,11.8
66,-185.12664988000006,3.2,-184.75137841000006,2.2,11.8
67,-185.1219453633334,3.3,-184.7489750333334,2.2,11.8
68,-185.1180394788236,3.4,-184.7472371488236,2.2,11.8
69,-185.11492045285718,3.5,-184.7460155328572,2.2,11.8
70,-185.1125135322223,3.6,-184.74517740222228,2.2,11.8
71,-185.11070881270277,3.7,-184.74461280270276,2.2,11.8
72,-185.10938593263162,3.8,-184.74423609263164,2.2,11.8
73,-185.10843136051287,3.9,-184.7439841205129,2.2,11.8
74,-185.10774782000007,4.0,-184.74381245000006,2.2,11.8
75,-185.10725745195126,4.1,-184.74369102195126,2.2,11.8
76,-185.10690117904767,4.2,-184.74360019904765,2.2,11.8
77,-185.1066360013954,4.3,-184.7435275513954,2.2,11.8
78,-185.10643172000005,4.4,-184.74346546000007,2.2,11.8
79,-185.10626775777783,4.5,-184.74340938777783,2.2,11.8
80,-185.10613045391307,4.6,-184.74335672391308,2.2,11.8
81,-185.10601096617026,4.7,-184.74330601617027,2.2,11.8
82,-185.1059036566667,4.8,-184.7432565066667,2.2,11.8
83,-185.10580499918373,4.9,-184.7432077891837,2.2,11.8
84,-185.10571278000003,5.0,-184.74315973000003,2.2,11.8
85,-177.11808185000035,0.6,-177.05195849000037,2.4000000000000004,11.6
86,-178.06314797857172,0.7,-177.99579830857172,2.4000000000000004,11.6
87,-178.59733280000026,0.8,-178.52869655000026,2.4000000000000004,11.6
88,-178.88349433666693,0.9,-178.81399776666692,2.4000000000000004,11.6
89,-179.0345362200002,1.0,-178.9647550900002,2.4000000000000004,11.6
90,-179.11395788272748,1.1,-179.04477788272746,2.4000000000000004,11.6
91,-179.15583477000018,1.2,-179.0882358200002,2.4000000000000004,11.6
92,-179.1797396692309,1.3,-179.11406281923092,2.4000000000000004,11.6
93,-179.19777764428588,1.4,-179.13395541428588,2.4000000000000004,11.6
94,-179.21617082000014,1.5,-179.15407517000014,2.4000000000000004,11.6
95,-179.23619274000015,1.6,-179.17569882000015,2.4000000000000004,11.6
96,-179.25624287411776,1.7,-179.19720545411778,2.4000000000000004,11.6
97,-179.27413747333344,1.8,-179.21638771333343,2.4000000000000004,11.6
98,-179.28845925105276,1.9,-179.23182736105275,2.4000000000000004,11.6
99,-179.29881373000012,2.0,-179.24315343000012,2.4000000000000004,11.6
100,-179.30548060285724,2.1,-179.25067772285723,2.4000000000000004,11.6
101,-179.30897493636374,2.2,-179.25493944636372,2.4000000000000004,11.6
102,-179.3097790773914,2.3,-179.25642976739138,2.4000000000000004,11.6
103,-179.3082644300001,2.4,-179.2555140000001,2.4000000000000004,11.6
104,-179.30471651000008,2.5,-179.25246047000007,2.4000000000000004,11.6
105,-179.29938601461546,2.6,-179.24749553461547,2.4000000000000004,11.6
106,-179.2925307622223,2.7,-179.2408493222223,2.4000000000000004,11.6
107,-179.28444286714293,2.8,-179.23278658714293,2.4000000000000004,11.6
108,-179.27546334000007,2.9,-179.22362482000008,2.4000000000000004,11.6
109,-179.26598394000007,3.0,-179.21373912000007,2.4000000000000004,11.6
110,-179.25643303354846,3.1,-179.20355041354847,2.4000000000000004,11.6
111,-179.24724259000007,3.2,-179.19349570000008,2.4000000000000004,11.6
112,-179.23879895090914,3.3,-179.18398482090916,2.4000000000000004,11.6
113,-179.2313894870589,3.4,-179.17535441705888,2.4000000000000004,11.6
114,-179.22516520571435,3.5,-179.16783263571435,2.4000000000000004,11.6
115,-179.22013662666674,3.6,-179.16152435666675,2.4000000000000004,11.6
116,-179.21620306405413,3.7,-179.15641915405413,2.4000000000000004,11.6
117,-179.21319868052638,3.8,-179.15241637052637,2.4000000000000004,11.6
118,-179.21093616307698,3.9,-179.14935847307697,2.4000000000000004,11.6
119,-179.20923761000006,4.0,-179.14706406000005,2.4000000000000004,11.6
120,-179.2079513317074,4.1,-179.1453549517074,2.4000000000000004,11.6
121,-179.20695744142864,4.2,-179.14407431142862,2.4000000000000004,11.6
122,-179.20616650279075,4.3,-179.14309562279075,2.4000000000000004,11.6
123,-179.20551467818186,4.4,-179.14232373818186,2.4000000000000004,11.6
124,-179.20495799333338,4.5,-179.14169113333338,2.4000000000000004,11.6
125,-179.2044670186957,4.6,-179.1411519686957,2.4000000000000004,11.6
126,-179.20402246617027,4.7,-179.14067620617027,2.4000000000000004,11.6
127,-179.20361192000004,4.8,-179.14024467000004,2.4000000000000004,11.6
128,-179.20322740265308,4.9,-179.13984528265308,2.4000000000000004,11.6
129,-179.20286382000003,5.0,-179.13947052000003,2.4000000000000004,11.6
130,-171.22868187500035,0.6,-171.20233127000037,2.6000000000000005,11.399999999999999
131,-172.2604792221432,0.7,-172.22741571714317,2.6000000000000005,11.399999999999999
132,-172.8471936450003,0.8,-172.80085761000026,2.6000000000000005,11.399999999999999
133,-173.16637635166694,0.9,-173.10722675666693,2.6000000000000005,11.399999999999999
134,-173.33640056000024,1.0,-173.26751632000023,2.6000000000000005,11.399999999999999
135,-173.42423485363656,1.1,-173.34978332363656,2.6000000000000005,11.399999999999999
136,-173.46766857000017,1.2,-173.3926095100002,2.6000000000000005,11.399999999999999
137,-173.48946799000018,1.3,-173.41989328000017,2.6000000000000005,11.399999999999999
138,-173.5036844935716,1.4,-173.4447361485716,2.6000000000000005,11.399999999999999
139,-173.51725430500014,1.5,-173.47033730000015,2.6000000000000005,11.399999999999999
140,-173.53163628000016,1.6,-173.49688313000016,2.6000000000000005,11.399999999999999
141,-173.54560630382366,1.7,-173.52257461882365,2.6000000000000005,11.399999999999999
142,-173.55742757833343,1.8,-173.54526129333345,2.6000000000000005,11.399999999999999
143,-173.56604153000012,1.9,-173.56364106000012,2.6000000000000005,11.399999999999999
144,-173.57128425000013,2.0,-173.57743613000014,2.6000000000000005,11.399999999999999
145,-173.57356038571442,2.1,-173.58700145571441,2.6000000000000005,11.399999999999999
146,-173.57344089681828,2.2,-173.5928774018183,2.6000000000000005,11.399999999999999
147,-173.57142528282617,2.3,-173.59553292782618,2.6000000000000005,11.399999999999999
148,-173.5678814400001,2.4,-173.59530106000008,2.6000000000000005,11.399999999999999
149,-173.56307679000008,2.5,-173.5924124800001,2.6000000000000005,11.399999999999999
150,-173.55722512500012,2.6,-173.5870512300001,2.6000000000000005,11.399999999999999
151,-173.55051873555567,2.7,-173.57940166555565,2.6000000000000005,11.399999999999999
152,-173.54314480928582,2.8,-173.5696840342858,2.6000000000000005,11.399999999999999
153,-173.53529298327595,2.9,-173.55818138827593,2.6000000000000005,11.399999999999999
154,-173.52715740500008,3.0,-173.5452565500001,2.6000000000000005,11.399999999999999
155,-173.51893358709685,3.1,-173.53135343709684,2.6000000000000005,11.399999999999999
156,-173.5108107050001,3.2,-173.51697739000008,2.6000000000000005,11.399999999999999
157,-173.50296180454552,3.3,-173.5026544145455,2.6000000000000005,11.399999999999999
158,-173.49553481941183,3.4,-173.48887718941185,2.6000000000000005,11.399999999999999
159,-173.48864639642863,3.5,-173.47605231142865,2.6000000000000005,11.399999999999999
160,-173.48237914666674,3.6,-173.46446387666674,2.6000000000000005,11.399999999999999
161,-173.47678211013522,3.7,-173.4542619051352,2.6000000000000005,11.399999999999999
162,-173.47187420000006,3.8,-173.44547472000008,2.6000000000000005,11.399999999999999
163,-173.46765014500005,3.9,-173.43803689000003,2.6000000000000005,11.399999999999999
164,-173.46408736500007,4.0,-173.43182235000006,2.6000000000000005,11.399999999999999
165,-173.46115133987809,4.1,-173.4266746048781,2.6000000000000005,11.399999999999999
166,-173.4587967378572,4.2,-173.4224299228572,2.6000000000000005,11.399999999999999
167,-173.4569668934884,4.3,-173.4189325434884,2.6000000000000005,11.399999999999999
168,-173.4512684859091,4.4,-173.41604318090913,2.6000000000000005,11.399999999999999
169,-173.45039256333337,4.5,-173.4136424333334,2.6000000000000005,11.399999999999999
170,-173.4495925889131,4.6,-173.41163105391308,2.6000000000000005,11.399999999999999
171,-173.44885262531918,4.7,-173.40992831531918,2.6000000000000005,11.399999999999999
172,-173.44816104000006,4.8,-173.40846961000005,2.6000000000000005,11.399999999999999
173,-173.44750945959186,4.9,-173.40720375959188,2.6000000000000005,11.399999999999999
174,-173.44689188000007,5.0,-173.40609055000004,2.6000000000000005,11.399999999999999
175,-165.67377116333375,0.6,-165.60227414333372,2.8000000000000007,11.2
176,-166.77019299000034,0.7,-166.69934838000034,2.8000000000000007,11.2
177,-167.38348853000028,0.8,-167.3083658900003,2.8000000000000007,11.2
178,-167.71628332888915,0.9,-167.63422091888916,2.8000000000000007,11.2
179,-167.89518422000023,1.0,-167.80474539000022,2.8000000000000007,11.2
180,-167.9900007427275,1.1,-167.8913101127275,2.8000000000000007,11.2
181,-168.03920983666686,1.2,-167.93422659666686,2.8000000000000007,11.2
182,-168.06548570384632,1.3,-167.95777042384634,2.8000000000000007,11.2
183,-168.08270705000015,1.4,-167.97676737000018,2.8000000000000007,11.2
184,-168.09838733333348,1.5,-167.9988255133335,2.8000000000000007,11.2
185,-168.11502348000013,1.6,-168.02563707000016,2.8000000000000007,11.2
186,-168.13199045176484,1.7,-168.05436925176485,2.8000000000000007,11.2
187,-168.14758894444455,1.8,-168.08046112444455,2.8000000000000007,11.2
188,-168.16045418210538,1.9,-168.1019021221054,2.8000000000000007,11.2
189,-168.17003868000012,2.0,-168.11836976000012,2.8000000000000007,11.2
190,-168.17640527666677,2.1,-168.1302456766668,2.8000000000000007,11.2
191,-168.17983715636373,2.2,-168.13808683636373,2.8000000000000007,11.2
192,-168.18059178913052,2.3,-168.14236516913053,2.8000000000000007,11.2
193,-168.17883271333343,2.4,-168.14340799333343,2.8000000000000007,11.2
194,-168.1746526400001,2.5,-168.14143206000008,2.8000000000000007,11.2
195,-168.16811715692316,2.6,-168.13659673692317,2.8000000000000007,11.2
196,-168.1593027162964,2.7,-168.12904907629638,2.8000000000000007,11.2
197,-168.14832836000008,2.8,-168.1189607700001,2.8000000000000007,11.2
198,-168.13538452551734,2.9,-168.10656077551732,2.8000000000000007,11.2
199,-168.12075686666674,3.0,-168.09216264666674,2.8000000000000007,11.2
200,-168.10483813870977,3.1,-168.07618052870976,2.8000000000000007,11.2
201,-168.08811994000007,3.2,-168.05912610000007,2.8000000000000007,11.2
202,-168.0711590042425,3.3,-168.0415813442425,2.8000000000000007,11.2
203,-168.05452109588242,3.4,-168.02414849588243,2.8000000000000007,11.2
204,-168.03871501000006,3.5,-168.00738705000006,2.8000000000000007,11.2
205,-168.02413617222228,3.6,-167.99175476222229,2.8000000000000007,11.2
206,-168.01103588594603,3.7,-167.97756923594602,2.8000000000000007,11.2
207,-167.9995213610527,3.8,-167.9649983610527,2.8000000000000007,11.2
208,-167.9895795712821,3.9,-167.9540765912821,2.8000000000000007,11.2
209,-167.98111234000007,4.0,-167.94473647000007,2.8000000000000007,11.2
210,-167.97397141146348,4.1,-167.93684424146346,2.8000000000000007,11.2
211,-167.96798697333338,4.2,-167.93023144333338,2.8000000000000007,11.2
212,-167.9629874934884,4.3,-167.9247189034884,2.8000000000000007,11.2
213,-167.95881201818187,4.4,-167.92013274818189,2.8000000000000007,11.2
214,-167.95531634777782,4.5,-167.91631377777782,2.8000000000000007,11.2
215,-167.95237547956526,4.6,-167.91312185956525,2.8000000000000007,11.2
216,-167.94988357361706,4.7,-167.91043726361707,2.8000000000000007,11.2
217,-167.94775264666671,4.8,-167.9081598466667,2.8000000000000007,11.2
218,-167.94591060000005,4.9,-167.90620736000005,2.8000000000000007,11.2
219,-167.94429912000007,5.0,-167.90451319000005,2.8000000000000007,11.2
220,-160.2676820850004,0.6,-160.2557448000004,3.000000000000001,11.0
221,-161.42111546214323,0.7,-161.41253548714323,3.000000000000001,11.0
222,-162.0646916950003,0.8,-162.0524031100003,3.000000000000001,11.0
223,-162.4155271833336,0.9,-162.3961585233336,3.000000000000001,11.0
224,-162.61367156000026,1.0,-162.57724852000024,3.000000000000001,11.0
225,-162.72033763500025,1.1,-162.66991214000024,3.000000000000001,11.0
226,-162.7764539100002,1.2,-162.71613046000022,3.000000000000001,11.0
227,-162.8062902557694,1.3,-162.74091498076942,3.000000000000001,11.0
228,-162.8245185485716,1.4,-162.7592108985716,3.000000000000001,11.0
229,-162.83907695500017,1.5,-162.77856640000016,3.000000000000001,11.0
230,-162.85296385500016,1.6,-162.80083185000015,3.000000000000001,11.0
231,-162.8663188229413,1.7,-162.82447178294132,3.000000000000001,11.0
232,-162.87834915166678,1.8,-162.8470113266668,3.000000000000001,11.0
233,-162.88842506736856,1.9,-162.86659173736857,3.000000000000001,11.0
234,-162.8963039050001,2.0,-162.88237520000013,3.000000000000001,11.0
235,-162.9019615407144,2.1,-162.8942596257144,3.000000000000001,11.0
236,-162.9054726750001,2.2,-162.9024625100001,3.000000000000001,11.0
237,-162.90690849630445,2.3,-162.90726005130446,3.000000000000001,11.0
238,-162.9063263000001,2.4,-162.9089058600001,3.000000000000001,11.0
239,-162.90381201000008,2.5,-162.9076509900001,3.000000000000001,11.0
240,-162.8999557103847,2.6,-162.9037393453847,3.000000000000001,11.0
241,-162.8948103294445,2.7,-162.89726837444454,3.000000000000001,11.0
242,-162.88807909428579,2.8,-162.8882634042858,3.000000000000001,11.0
243,-162.87996561172423,2.9,-162.87682879172422,3.000000000000001,11.0
244,-162.8760076800001,3.0,-162.8631740600001,3.000000000000001,11.0
245,-162.86640535338717,3.1,-162.84762137838717,3.000000000000001,11.0
246,-162.85673758500008,3.2,-162.8306053700001,3.000000000000001,11.0
247,-162.8476377650001,3.3,-162.81265716000007,3.000000000000001,11.0
248,-162.83967633647066,3.4,-162.79437045647066,3.000000000000001,11.0
249,-162.83321568642864,3.5,-162.77635199142867,3.000000000000001,11.0
250,-162.8283181533334,3.6,-162.7591623033334,3.000000000000001,11.0
251,-162.82479295148656,3.7,-162.74325758648655,3.000000000000001,11.0
252,-162.82234086368425,3.8,-162.72894770368427,3.000000000000001,11.0
253,-162.82067335192312,3.9,-162.71638304692314,3.000000000000001,11.0
254,-162.81955905000007,4.0,-162.70557115000005,3.000000000000001,11.0
255,-162.81882633646347,4.1,-162.69641234146349,3.000000000000001,11.0
256,-162.8183522378572,4.2,-162.6887404228572,3.000000000000001,11.0
257,-162.81805045779078,4.3,-162.68235832279078,3.000000000000001,11.0
258,-162.8176318660639,4.7,-162.66592810106388,3.000000000000001,11.0
259,-162.81760666500006,4.8,-162.66331907000006,3.000000000000001,11.0
260,-162.8175917638776,4.9,-162.6610812438776,3.000000000000001,11.0
261,-155.04409741200044,0.6,-155.15872476000044,3.200000000000001,10.799999999999999
262,-156.93856787200033,0.8,-157.03253837000034,3.200000000000001,10.799999999999999
263,-157.33023371400031,0.9,-157.3927706300003,3.200000000000001,10.799999999999999
264,-157.6687226734548,1.1,-157.68400342545476,3.200000000000001,10.799999999999999
265,-157.77452966276942,1.3,-157.76301411076943,3.200000000000001,10.799999999999999
266,-157.7954139182859,1.4,-157.7830722542859,3.200000000000001,10.799999999999999
267,-157.82334005000013,1.6,-157.82419172000016,3.200000000000001,10.799999999999999
268,-157.84456313000013,1.8,-157.86690896000013,3.200000000000001,10.799999999999999
269,-157.8517993397896,1.9,-157.8847521657896,3.200000000000001,10.799999999999999
270,-157.85780121634795,2.3,-157.92158165434793,3.200000000000001,10.799999999999999
271,-157.8550031680001,2.4,-157.92274602000012,3.200000000000001,10.799999999999999
272,-157.8509158820001,2.5,-157.9209755100001,3.200000000000001,10.799999999999999
273,-157.84566426938468,2.6,-157.9163967753847,3.200000000000001,10.799999999999999
274,-157.83935623400012,2.7,-157.90916426000013,3.200000000000001,10.799999999999999
275,-157.83209827114294,2.8,-157.89948269714296,3.200000000000001,10.799999999999999
276,-157.82400819289666,2.9,-157.88763065689662,3.200000000000001,10.799999999999999
277,-157.81522567000007,3.0,-157.87398219000008,3.200000000000001,10.799999999999999
278,-157.8059187601291,3.1,-157.8590181461291,3.200000000000001,10.799999999999999
279,-157.79628405600008,3.2,-157.84331573000009,3.200000000000001,10.799999999999999
280,-157.78653951581822,3.3,-157.82750679181825,3.200000000000001,10.799999999999999
281,-157.77691105717656,3.4,-157.81220860117654,3.200000000000001,10.799999999999999
282,-157.76761566371437,3.5,-157.79794684571436,3.200000000000001,10.799999999999999
283,-157.75074886475682,3.7,-157.77386592675686,3.200000000000001,10.799999999999999
284,-157.74343139189483,3.8,-157.7642954078948,3.200000000000001,10.799999999999999
285,-157.73694217292314,3.9,-157.75630356692312,3.200000000000001,10.799999999999999
286,-157.73128059800007,4.0,-157.74972267000007,3.200000000000001,10.799999999999999
287,-157.72640235887812,4.1,-157.74434135487812,3.200000000000001,10.799999999999999
288,-157.7222312194286,4.2,-157.73993994142864,3.200000000000001,10.799999999999999
289,-157.7186733573954,4.3,-157.7363154213954,3.200000000000001,10.799999999999999
290,-157.71301135800005,4.5,-157.73073787000007,3.200000000000001,10.799999999999999
291,-157.710733968174,4.6,-157.728536602174,3.200000000000001,10.799999999999999
292,-157.70873093365964,4.7,-157.72660868765962,3.200000000000001,10.799999999999999
293,-157.70694747600004,4.8,-157.72489277000005,3.200000000000001,10.799999999999999
294,-157.7053402632245,4.9,-157.72334334122453,3.200000000000001,10.799999999999999
295,-157.70387551000005,5.0,-157.72192669000006,3.200000000000001,10.799999999999999
296,-150.1857287233338,0.6,-150.3028475033338,3.4000000000000012,10.599999999999998
297,-151.4164690667861,0.7,-151.5547173742861,3.4000000000000012,10.599999999999998
298,-152.13886902500036,0.8,-152.24610097000033,3.4000000000000012,10.599999999999998
299,-152.5430607163892,0.9,-152.6214442488892,3.4000000000000012,10.599999999999998
300,-152.7687815400003,1.0,-152.82307290000028,3.4000000000000012,10.599999999999998
301,-152.89645928659115,1.1,-152.92968429909118,3.4000000000000012,10.599999999999998
302,-152.9674879041669,1.2,-152.98573862666692,3.4000000000000012,10.599999999999998
303,-153.00714311384635,1.3,-153.01725931384635,3.4000000000000012,10.599999999999998
304,-153.03108249214307,1.4,-153.03936131714306,3.4000000000000012,10.599999999999998
305,-153.04797072583352,1.5,-153.05967754333352,3.4000000000000012,10.599999999999998
306,-153.06155576250018,1.6,-153.08054446000017,3.4000000000000012,10.599999999999998
307,-153.07270485750016,1.7,-153.10131865000017,3.4000000000000012,10.599999999999998
308,-153.0812231094446,1.8,-153.1205021644446,3.4000000000000012,10.599999999999998
309,-153.08695166486856,1.9,-153.13698113736856,3.4000000000000012,10.599999999999998
310,-153.09009350000014,2.0,-153.15031512000013,3.4000000000000012,10.599999999999998
311,-153.09108850309536,2.1,-153.16051653809535,3.4000000000000012,10.599999999999998
312,-153.09039997454556,2.2,-153.16776300454558,3.4000000000000012,10.599999999999998
313,-153.09257812326098,2.3,-153.172239758261,3.4000000000000012,10.599999999999998
314,-153.09200360333347,2.4,-153.17410649333345,3.4000000000000012,10.599999999999998
315,-153.09010060250012,2.5,-153.17351852000013,3.4000000000000012,10.599999999999998
316,-153.08693817192318,2.6,-153.1706545669232,3.4000000000000012,10.599999999999998
317,-153.08259506046306,2.7,-153.16573732296305,3.4000000000000012,10.599999999999998
318,-153.07717364607151,2.8,-153.15904808857152,3.4000000000000012,10.599999999999998
319,-153.0708139635346,2.9,-153.1509363410346,3.4000000000000012,10.599999999999998
320,-153.06370796416675,3.0,-153.14182003666676,3.4000000000000012,10.599999999999998
321,-153.05611209943558,3.1,-153.13216978193557,3.4000000000000012,10.599999999999998
322,-153.0483531375001,3.2,-153.12247397000007,3.4000000000000012,10.599999999999998
323,-153.0277370328572,3.5,-153.09721018285722,3.4000000000000012,10.599999999999998
324,-153.02686296972232,3.6,-153.0908720922223,3.4000000000000012,10.599999999999998
325,-153.02414622925681,3.7,-153.08565361675682,3.4000000000000012,10.599999999999998
326,-153.02189106618428,3.8,-153.08144534368427,3.4000000000000012,10.599999999999998
327,-153.0184082725001,4.0,-153.0754034400001,3.4000000000000012,10.599999999999998
328,-153.0170252492074,4.1,-153.07323370170738,3.4000000000000012,10.599999999999998
329,-153.0158022890477,4.2,-153.0714422190477,3.4000000000000012,10.599999999999998
330,-153.0146984718024,4.3,-153.06992397930242,3.4000000000000012,10.599999999999998
331,-153.0136845847728,4.4,-153.06860186727278,3.4000000000000012,10.599999999999998
332,-153.01020547666673,4.8,-153.0644160466667,3.4000000000000012,10.599999999999998
333,-145.48942798600046,0.6,-145.68435918000048,3.6000000000000014,10.399999999999999
334,-147.53401180000037,0.8,-147.69031343000037,3.6000000000000014,10.399999999999999
335,-147.95718402000028,0.9,-148.07880835000032,3.6000000000000014,10.399999999999999
336,-148.1956199340003,1.0,-148.28902875000028,3.6000000000000014,10.399999999999999
337,-148.32913725090935,1.1,-148.40147693090935,3.6000000000000014,10.399999999999999
338,-148.40308442200023,1.2,-148.46152272000023,3.6000000000000014,10.399999999999999
339,-148.4442031920002,1.3,-148.49551311000022,3.6000000000000014,10.399999999999999
340,-148.46846653314304,1.4,-148.51861666714305,3.6000000000000014,10.399999999999999
341,-148.4848266320002,1.5,-148.53857815000018,3.6000000000000014,10.399999999999999
342,-148.49744419200016,1.6,-148.55806343000017,3.6000000000000014,10.399999999999999
343,-148.5076752578825,1.7,-148.5769104458825,3.6000000000000014,10.399999999999999
344,-148.51573192400016,1.8,-148.59408722000018,3.6000000000000014,10.399999999999999
345,-148.52166629610542,1.9,-148.60881289210542,3.6000000000000014,10.399999999999999
346,-148.52569630000013,2.0,-148.62082763000015,3.6000000000000014,10.399999999999999
347,-148.5281540034287,2.1,-148.63021461142873,3.6000000000000014,10.399999999999999
348,-148.52935114945473,2.2,-148.6371676754547,3.6000000000000014,10.399999999999999
349,-148.5295140630436,2.3,-148.6418741030436,3.6000000000000014,10.399999999999999
350,-148.5287942300001,2.4,-148.6445009300001,3.6000000000000014,10.399999999999999
351,-148.52730531600008,2.5,-148.6452204100001,3.6000000000000014,10.399999999999999
352,-148.5251528960001,2.6,-148.64423338000012,3.6000000000000014,10.399999999999999
353,-148.52245036933343,2.7,-148.64178082333345,3.6000000000000014,10.399999999999999
354,-148.5193266725715,2.8,-148.6381463985715,3.6000000000000014,10.399999999999999
355,-148.51592950813804,2.9,-148.63365201413802,3.6000000000000014,10.399999999999999
356,-148.5124229160001,3.0,-148.6286443600001,3.6000000000000014,10.399999999999999
357,-148.50897621380653,3.1,-148.62347053580655,3.6000000000000014,10.399999999999999
358,-148.50574453200005,3.2,-148.61844534000008,3.6000000000000014,10.399999999999999
359,-148.50284663363647,3.3,-148.61381832363645,3.6000000000000014,10.399999999999999
360,-148.50034945094126,3.4,-148.60975142294126,3.6000000000000014,10.399999999999999
361,-148.49826607685722,3.5,-148.60631450285723,3.6000000000000014,10.399999999999999
362,-148.49656685200006,3.6,-148.60349898000007,3.6000000000000014,10.399999999999999
363,-148.49181699995128,4.1,-148.59599775195127,3.6000000000000014,10.399999999999999
364,-148.49077623251168,4.3,-148.59458495651168,3.6000000000000014,10.399999999999999
365,-141.12756559750048,0.6,-141.3040964000005,3.8000000000000016,10.2
366,-142.43626432107186,0.7,-142.63378904857186,3.8000000000000016,10.2
367,-143.20210020000042,0.8,-143.36527688000038,3.8000000000000016,10.2
368,-143.63133890333367,0.9,-143.76433984333363,3.8000000000000016,10.2
369,-143.8722411200003,1.0,-143.9809039900003,3.8000000000000016,10.2
370,-144.00649485340938,1.1,-144.09714062090936,3.8000000000000016,10.2
371,-144.08036674000024,1.2,-144.15925799000024,3.8000000000000016,10.2
372,-144.120985866731,1.3,-144.19393155923098,3.8000000000000016,10.2
373,-144.14442453178592,1.4,-144.2164370842859,3.8000000000000016,10.2
374,-144.1596814400002,1.5,-144.2346840400002,3.8000000000000016,10.2
375,-144.1710456575002,1.6,-144.25168231000018,3.8000000000000016,10.2
376,-144.18007533250017,1.7,-144.26772169000017,3.8000000000000016,10.2
377,-144.19257357750018,1.9,-144.29456944000015,3.8000000000000016,10.2
378,-144.19650087750014,2.0,-144.30476010000015,3.8000000000000016,10.2
379,-144.19926656285725,2.1,-144.31288139285726,3.8000000000000016,10.2
380,-144.20110544795466,2.2,-144.3191206454547,3.8000000000000016,10.2
381,-144.2021617061958,2.3,-144.3236444286958,3.8000000000000016,10.2
382,-144.20252028000013,2.4,-144.3266004000001,3.8000000000000016,10.2
383,-144.2022504900001,2.5,-144.3281440400001,3.8000000000000016,10.2
384,-144.2014335321155,2.6,-144.3284561146155,3.8000000000000016,10.2
385,-144.20017095861124,2.7,-144.32774550111122,3.8000000000000016,10.2
386,-144.19858228714298,2.8,-144.32624329714295,3.8000000000000016,10.2
387,-144.19494845250009,3.0,-144.32183145000008,3.8000000000000016,10.2
388,-144.193152742742,3.1,-144.319380357742,3.8000000000000016,10.2
389,-144.19150465000007,3.2,-144.3170194500001,3.8000000000000016,10.2
390,-144.19006507363645,3.3,-144.31487830363648,3.8000000000000016,10.2
391,-144.1888604725001,3.4,-144.31303149000007,3.8000000000000016,10.2
392,-144.1878880982144,3.5,-144.31150397571437,3.8000000000000016,10.2
393,-144.18712522083342,3.6,-144.31028315333342,3.8000000000000016,10.2
394,-144.186538758446,3.7,-144.30933311594603,3.8000000000000016,10.2
395,-144.18609307000008,3.8,-144.30860742000007,3.8000000000000016,10.2
396,-144.185754968077,3.9,-144.308058513077,3.8000000000000016,10.2
397,-144.1854962600001,4.0,-144.3076434300001,3.8000000000000016,10.2
398,-144.1852945206098,4.1,-144.3073263656098,3.8000000000000016,10.2
399,-144.18513277642865,4.2,-144.30707926142864,3.8000000000000016,10.2
400,-144.18499869552332,4.3,-144.30688117302333,3.8000000000000016,10.2
401,-144.18488361772734,4.4,-144.30671702272733,3.8000000000000016,10.2
402,-144.18437004000003,5.0,-144.30604584000005,3.8000000000000016,10.2
403,-136.95847309833385,0.6,-137.16426403333384,4.000000000000002,9.999999999999998
404,-138.29984356714328,0.7,-138.52638118714327,4.000000000000002,9.999999999999998
405,-139.0825365350004,0.8,-139.2731233500004,4.000000000000002,9.999999999999998
406,-139.52037600388923,0.9,-139.67997063888924,4.000000000000002,9.999999999999998
407,-139.7653842775003,1.0,-139.9003276000003,4.000000000000002,9.999999999999998
408,-139.9041601340912,1.1,-140.0179682990912,4.000000000000002,9.999999999999998
409,-139.98075113666692,1.2,-140.07992365666692,4.000000000000002,9.999999999999998
410,-140.0210589140387,1.3,-140.11322776153867,4.000000000000002,9.999999999999998
411,-140.04316547357163,1.4,-140.13331506857165,4.000000000000002,9.999999999999998
412,-140.05619309583352,1.5,-140.14829417333354,4.000000000000002,9.999999999999998
413,-140.06460063750018,1.6,-140.1615126400002,4.000000000000002,9.999999999999998
414,-140.0701820423531,1.7,-140.17366988235312,4.000000000000002,9.999999999999998
415,-140.07362149944464,1.8,-140.18450480444463,4.000000000000002,9.999999999999998
416,-140.0753729260528,1.9,-140.19374821105282,4.000000000000002,9.999999999999998
417,-140.07592552000017,2.0,-140.20138194000015,4.000000000000002,9.999999999999998
418,-140.0757489723811,2.1,-140.2075425623811,4.000000000000002,9.999999999999998
419,-140.07519536704558,2.2,-140.2123845145456,4.000000000000002,9.999999999999998
420,-140.07596225521752,2.3,-140.21602899521753,4.000000000000002,9.999999999999998
421,-140.07683548833347,2.4,-140.21857909333346,4.000000000000002,9.999999999999998
422,-140.0774635050001,2.5,-140.2201474200001,4.000000000000002,9.999999999999998
423,-140.07785329826936,2.6,-140.22086883076935,4.000000000000002,9.999999999999998
424,-140.08070528879642,2.7,-140.22089785629643,4.000000000000002,9.999999999999998
425,-140.08076546428583,2.8,-140.22039926428585,4.000000000000002,9.999999999999998
426,-140.08036350474148,2.9,-140.21953735724148,4.000000000000002,9.999999999999998
427,-140.07960064916676,3.0,-140.21846565666678,4.000000000000002,9.999999999999998
428,-140.07860034024202,3.1,-140.21731739774202,4.000000000000002,9.999999999999998
429,-140.07748725750008,3.2,-140.2161979600001,4.000000000000002,9.999999999999998
430,-140.07637103219707,3.3,-140.21518077969708,4.000000000000002,9.999999999999998
431,-140.07533501367658,3.4,-140.21430788117658,4.000000000000002,9.999999999999998
432,-140.07443146892865,3.5,-140.21359438142866,4.000000000000002,9.999999999999998
433,-140.07368336722232,3.6,-140.21303547222232,4.000000000000002,9.999999999999998
434,-140.07309077263523,3.7,-140.2126140051352,4.000000000000002,9.999999999999998
435,-140.0726389380264,3.8,-140.2123069305264,4.000000000000002,9.999999999999998
436,-140.07230581051292,3.9,-140.21209018051292,4.000000000000002,9.999999999999998
437,-140.07206749250008,4.0,-140.21194165000009,4.000000000000002,9.999999999999998
438,-140.07190167268303,4.1,-140.211842692683,4.000000000000002,9.999999999999998
439,-140.07178928119055,4.2,-140.21177851619055,4.000000000000002,9.999999999999998
440,-140.07171499633728,4.3,-140.21173798883729,4.000000000000002,9.999999999999998
441,-140.0716671072728,4.4,-140.2117130972728,4.000000000000002,9.999999999999998
442,-140.07163700027783,4.5,-140.21169821777784,4.000000000000002,9.999999999999998
443,-140.0716185601088,4.6,-140.2116896226088,4.000000000000002,9.999999999999998
444,-140.07160758053197,4.7,-140.21168483553197,4.000000000000002,9.999999999999998
445,-140.07160126166673,4.8,-140.21168233666674,4.000000000000002,9.999999999999998
446,-140.07159778280618,4.9,-140.21168113530618,4.000000000000002,9.999999999999998
447,-140.07159598250007,5.0,-140.21168069000007,4.000000000000002,9.999999999999998
448,-133.14150900500053,0.6,-133.26752689000054,4.200000000000002,9.799999999999997
449,-134.52622306500044,0.7,-134.65793069000046,4.200000000000002,9.799999999999997
450,-135.2780560350004,0.8,-135.4168369300004,4.200000000000002,9.799999999999997
451,-135.68270342666702,0.9,-135.828727226667,4.200000000000002,9.799999999999997
452,-135.8977178100003,1.0,-136.0503120200003,4.200000000000002,9.799999999999997
453,-136.00971327045482,1.1,-136.1669447954548,4.200000000000002,9.799999999999997
454,-136.06918350000026,1.2,-136.22648669000026,4.200000000000002,9.799999999999997
455,-136.10604417192332,1.3,-136.2563566869233,4.200000000000002,9.799999999999997
456,-136.1339920750002,1.4,-136.27218005000023,4.200000000000002,9.799999999999997
457,-136.15708234500022,1.5,-136.2822794100002,4.200000000000002,9.799999999999997
458,-136.1762709800002,1.6,-136.2903247100002,4.200000000000002,9.799999999999997
459,-136.19175557794136,1.7,-136.29738582294138,4.200000000000002,9.799999999999997
460,-136.2037420833335,1.8,-136.3035127433335,4.200000000000002,9.799999999999997
461,-136.21269580526334,1.9,-136.30862546526333,4.200000000000002,9.799999999999997
462,-136.21926864500017,2.0,-136.31277498000017,4.200000000000002,9.799999999999997
463,-136.22410506000014,2.1,-136.31608519000014,4.200000000000002,9.799999999999997
464,-136.22770536772742,2.2,-136.31865857272743,4.200000000000002,9.799999999999997
465,-136.23040096260883,2.3,-136.32055390260882,4.200000000000002,9.799999999999997
466,-136.23239703000013,2.4,-136.3218137600001,4.200000000000002,9.799999999999997
467,-136.23382441000012,2.5,-136.32249378000012,4.200000000000002,9.799999999999997
468,-136.23477405346165,2.6,-136.32267250846166,4.200000000000002,9.799999999999997
469,-136.235315353889,2.7,-136.322445928889,4.200000000000002,9.799999999999997
470,-136.23550671000012,2.8,-136.32191688000012,4.200000000000002,9.799999999999997
471,-136.23540336224147,2.9,-136.3211856472415,4.200000000000002,9.799999999999997
472,-136.23506269000012,3.0,-136.3203430700001,4.200000000000002,9.799999999999997
473,-136.23454590080655,3.1,-136.31946578580656,4.200000000000002,9.799999999999997
474,-136.2339158550001,3.2,-136.31861315000012,4.200000000000002,9.799999999999997
475,-136.23323237681825,3.3,-136.31782616181826,4.200000000000002,9.799999999999997
476,-136.2318988700001,3.5,-136.31652859000008,4.200000000000002,9.799999999999997
477,-136.2294872181708,4.1,-136.3145486731708,4.200000000000002,9.799999999999997
478,-136.22928888500007,4.2,-136.31437815000007,4.200000000000002,9.799999999999997
479,-136.22912289395356,4.3,-136.31422839395356,4.200000000000002,9.799999999999997
480,-136.22898146136373,4.4,-136.3140942063637,4.200000000000002,9.799999999999997
481,-136.22864966287244,4.7,-136.31375277787242,4.200000000000002,9.799999999999997
482,-136.2285580250001,4.8,-136.3136529100001,4.200000000000002,9.799999999999997
483,-136.22847230500005,4.9,-136.31355816000007,4.200000000000002,9.799999999999997
484,-136.22839131500007,5.0,-136.31346788000008,4.200000000000002,9.799999999999997
485,-130.8999763371433,0.7,-131.0316499371433,4.400000000000002,9.599999999999998
486,-131.6893221400004,0.8,-131.79984928000042,4.400000000000002,9.599999999999998
487,-132.12196099666704,0.9,-132.21420597666702,4.400000000000002,9.599999999999998
488,-132.35689683000032,1.0,-132.4345864000003,4.400000000000002,9.599999999999998
489,-132.48097124500032,1.1,-132.5479267100003,4.400000000000002,9.599999999999998
490,-132.54306938000028,1.2,-132.60293878000027,4.400000000000002,9.599999999999998
491,-132.57169179538488,1.3,-132.62744556538487,4.400000000000002,9.599999999999998
492,-132.5830020385717,1.4,-132.63727461857167,4.400000000000002,9.599999999999998
493,-132.58581454000023,1.5,-132.6409554400002,4.400000000000002,9.599999999999998
494,-132.5846561000002,1.6,-132.64245160000021,4.400000000000002,9.599999999999998
495,-132.5814984767649,1.7,-132.6431627717649,4.400000000000002,9.599999999999998
496,-132.5771864833335,1.8,-132.6434114433335,4.400000000000002,9.599999999999998
497,-132.57223443263172,1.9,-132.64327881263173,4.400000000000002,9.599999999999998
498,-132.56707828500015,2.0,-132.64286841000015,4.400000000000002,9.599999999999998
499,-132.56205747071442,2.1,-132.64228285571443,4.400000000000002,9.599999999999998
500,-132.55736852500013,2.2,-132.64156763000014,4.400000000000002,9.599999999999998
501,-132.5530810558697,2.3,-132.64071440086968,4.400000000000002,9.599999999999998
502,-132.54919088500014,2.4,-132.63970008000013,4.400000000000002,9.599999999999998
503,-132.54566685500012,2.5,-132.6385185300001,4.400000000000002,9.599999999999998
504,-132.54247763269242,2.6,-132.63718946769242,4.400000000000002,9.599999999999998
505,-132.539597413889,2.7,-132.635751658889,4.400000000000002,9.599999999999998
506,-132.5370040292858,2.8,-132.63425204428583,4.400000000000002,9.599999999999998
507,-132.53467677120702,2.9,-132.632737216207,4.400000000000002,9.599999999999998
508,-132.5325954050001,3.0,-132.6312484200001,4.400000000000002,9.599999999999998
509,-132.53073973693557,3.1,-132.62981901193558,4.400000000000002,9.599999999999998
510,-132.5290894700001,3.2,-132.6284733100001,4.400000000000002,9.599999999999998
511,-132.5276240400001,3.3,-132.6272264100001,4.400000000000002,9.599999999999998
512,-132.52632278588246,3.4,-132.62608490588246,4.400000000000002,9.599999999999998
513,-132.52520646142864,3.5,-132.62504827142865,4.400000000000002,9.599999999999998
514,-132.52418839166677,3.6,-132.62411070666676,4.400000000000002,9.599999999999998
515,-132.5232714727028,3.7,-132.6232631127028,4.400000000000002,9.599999999999998
516,-132.5224404363159,3.8,-132.62249483631587,4.400000000000002,9.599999999999998
517,-132.52168215346163,3.9,-132.62179500846162,4.400000000000002,9.599999999999998
518,-132.52098550000008,4.0,-132.6211534900001,4.400000000000002,9.599999999999998
519,-132.52034124207324,4.1,-132.62056131707325,4.400000000000002,9.599999999999998
520,-132.51974183285722,4.2,-132.6200109628572,4.400000000000002,9.599999999999998
521,-132.51918119837217,4.3,-132.61949624837217,4.400000000000002,9.599999999999998
522,-132.5186544400001,4.4,-132.6190122300001,4.400000000000002,9.599999999999998
523,-132.5181576083334,4.5,-132.6185549833334,4.400000000000002,9.599999999999998
524,-132.51724157936178,4.7,-132.61770905936177,4.400000000000002,9.599999999999998
525,-132.51681759000007,4.8,-132.61731593000007,4.400000000000002,9.599999999999998
526,-132.51641372816334,4.9,-132.6169403981633,4.400000000000002,9.599999999999998
527,-132.51602841500008,5.0,-132.61658109000007,4.400000000000002,9.599999999999998
528,-127.70012879857188,0.7,-127.65103449857187,4.600000000000002,9.399999999999999
529,-128.47523120000042,0.8,-128.42593030000043,4.600000000000002,9.399999999999999
530,-128.89002091888923,0.9,-128.84042403888924,4.600000000000002,9.399999999999999
531,-129.10744593000032,1.0,-129.05739888000033,4.600000000000002,9.399999999999999
532,-129.21604151272757,1.1,-129.16538967272757,4.600000000000002,9.399999999999999
533,-129.26532791666693,1.2,-129.21398788666693,4.600000000000002,9.399999999999999
534,-129.28348021692335,1.3,-129.23143707692333,4.600000000000002,9.399999999999999
535,-129.28649727428595,1.4,-129.23376532428594,4.600000000000002,9.399999999999999
536,-129.28306580333356,1.5,-129.22968334333356,4.600000000000002,9.399999999999999
537,-129.27733733000022,1.6,-129.2234022000002,4.600000000000002,9.399999999999999
538,-129.2709035888237,1.7,-129.2165994188237,4.600000000000002,9.399999999999999
539,-129.26425239444464,1.8,-129.20982762444464,4.600000000000002,9.399999999999999
540,-129.25759438315805,1.9,-129.20330424315807,4.600000000000002,9.399999999999999
541,-129.25112869000017,2.0,-129.19717780000016,4.600000000000002,9.399999999999999
542,-129.24502039952398,2.1,-129.19153464952396,4.600000000000002,9.399999999999999
543,-129.2393438363638,2.2,-129.18637424636378,4.600000000000002,9.399999999999999
544,-129.23408894000013,2.3,-129.18163248000013,4.600000000000002,9.399999999999999
545,-129.22920711333347,2.4,-129.17722944333346,4.600000000000002,9.399999999999999
546,-129.22465106000013,2.5,-129.17310364000014,4.600000000000002,9.399999999999999
547,-129.22039092846165,2.6,-129.16922121846164,4.600000000000002,9.399999999999999
548,-129.21641275629642,2.7,-129.16556927629642,4.600000000000002,9.399999999999999
549,-129.212710767143,2.8,-129.162145197143,4.600000000000002,9.399999999999999
550,-129.20937658413806,2.9,-129.15894877413805,4.600000000000002,9.399999999999999
551,-129.20622187666677,3.0,-129.15597806666676,4.600000000000002,9.399999999999999
552,-129.20331948612915,3.1,-129.15322795612914,4.600000000000002,9.399999999999999
553,-129.20065756000008,3.2,-129.15068993000008,4.600000000000002,9.399999999999999
554,-129.19822081424252,3.3,-129.14835249424252,4.600000000000002,9.399999999999999
555,-129.19599151941185,3.4,-129.14620174941186,4.600000000000002,9.399999999999999
556,-129.19395050571438,3.5,-129.14422219571438,4.600000000000002,9.399999999999999
557,-129.19207817222232,3.6,-129.1423975722223,4.600000000000002,9.399999999999999
558,-129.19035541108116,3.7,-129.14071162108115,4.600000000000002,9.399999999999999
559,-129.18876429157905,3.8,-129.13914883157904,4.600000000000002,9.399999999999999
560,-129.18728852897445,3.9,-129.13769486897445,4.600000000000002,9.399999999999999
561,-129.18591375000005,4.0,-129.13633692000008,4.600000000000002,9.399999999999999
562,-129.18462751439034,4.1,-129.13506375439033,4.600000000000002,9.399999999999999
563,-129.18341926476197,4.2,-129.13386574476198,4.600000000000002,9.399999999999999
564,-129.1822800920931,4.3,-129.13273471209308,4.600000000000002,9.399999999999999
565,-129.18018052777785,4.5,-129.13064712777785,4.600000000000002,9.399999999999999
566,-129.17920873000006,4.6,-129.12967987000007,4.600000000000002,9.399999999999999
567,-129.17828281000007,4.7,-129.12875783000007,4.600000000000002,9.399999999999999
568,-129.17739904666675,4.8,-129.12787745666674,4.600000000000002,9.399999999999999
569,-129.176554229796,4.9,-129.127035629796,4.600000000000002,9.399999999999999
570,-129.17574555000007,5.0,-129.12622963000007,4.600000000000002,9.399999999999999
571,-123.11566237000056,0.6,-123.06653878000054,4.8000000000000025,9.199999999999998
572,-124.56970774428618,0.7,-124.51983216428619,4.8000000000000025,9.199999999999998
573,-125.35156504000042,0.8,-125.29914358000042,4.8000000000000025,9.199999999999998
574,-125.7656452733337,0.9,-125.71175839333371,4.8000000000000025,9.199999999999998
575,-125.97884991000035,1.0,-125.92343613000034,4.8000000000000025,9.199999999999998
576,-126.08132772363668,1.1,-126.02432560363665,4.8000000000000025,9.199999999999998
577,-126.12353205000028,1.2,-126.06493095000027,4.8000000000000025,9.199999999999998
578,-126.13409631153873,1.3,-126.07393725153871,4.8000000000000025,9.199999999999998
579,-126.1292193771431,1.4,-126.06757156714309,4.8000000000000025,9.199999999999998
580,-126.11772504000022,1.5,-126.05469421000022,4.8000000000000025,9.199999999999998
581,-126.10393846000021,1.6,-126.03970655000022,4.8000000000000025,9.199999999999998
582,-126.08964766411783,1.7,-126.02449781411785,4.8000000000000025,9.199999999999998
583,-126.07549626666687,1.8,-126.00979335666685,4.8000000000000025,9.199999999999998
584,-126.06177158684228,1.9,-125.99590837684228,4.8000000000000025,9.199999999999998
585,-126.04868183000016,2.0,-125.98301896000018,4.8000000000000025,9.199999999999998
586,-126.03637285142874,2.1,-125.97119599142873,4.8000000000000025,9.199999999999998
587,-126.02490257181833,2.2,-125.96040602181833,4.8000000000000025,9.199999999999998
588,-126.01425497000014,2.3,-125.95054818000014,4.8000000000000025,9.199999999999998
589,-126.00437951000013,2.4,-125.94150588000015,4.8000000000000025,9.199999999999998
590,-125.99522401000013,2.5,-125.93318143000013,4.8000000000000025,9.199999999999998
591,-125.98674842076935,2.6,-125.92550567076935,4.8000000000000025,9.199999999999998
592,-125.97892421111123,2.7,-125.91843187111124,4.8000000000000025,9.199999999999998
593,-125.97172823857154,2.8,-125.91192533857155,4.8000000000000025,9.199999999999998
594,-125.96513688103461,2.9,-125.90595516103461,4.8000000000000025,9.199999999999998
595,-125.95912235000011,3.0,-125.90048948000012,4.8000000000000025,9.199999999999998
596,-125.9536512683872,3.1,-125.89549370838719,4.8000000000000025,9.199999999999998
597,-125.94868479000009,3.2,-125.89093053000009,4.8000000000000025,9.199999999999998
598,-125.94417983454557,3.3,-125.88676086454555,4.8000000000000025,9.199999999999998
599,-125.94017286705893,3.4,-125.88294524705891,4.8000000000000025,9.199999999999998
600,-125.93645899285723,3.5,-125.87944523285724,4.8000000000000025,9.199999999999998
601,-125.93306940333342,3.6,-125.87622457333343,4.8000000000000025,9.199999999999998
602,-125.92996373918928,3.7,-125.87325005918927,4.8000000000000025,9.199999999999998
603,-125.92710533842113,3.8,-125.87049192842115,4.8000000000000025,9.199999999999998
604,-125.92446176384624,3.9,-125.86792400384624,4.8000000000000025,9.199999999999998
605,-125.9220049300001,4.0,-125.86552362000009,4.8000000000000025,9.199999999999998
606,-125.91971088512203,4.1,-125.86327134512204,4.8000000000000025,9.199999999999998
607,-125.91755943571437,4.2,-125.86115064571436,4.8000000000000025,9.199999999999998
608,-125.91553370511635,4.3,-125.85914752511637,4.8000000000000025,9.199999999999998
609,-125.91361963090917,4.4,-125.85725014090916,4.8000000000000025,9.199999999999998
610,-125.91180552666675,4.5,-125.85544847666675,4.8000000000000025,9.199999999999998
611,-125.91008163000008,4.6,-125.85373402000006,4.8000000000000025,9.199999999999998
612,-125.9084397797873,4.7,-125.8520994697873,4.8000000000000025,9.199999999999998
613,-125.90687306000007,4.8,-125.85053856000007,4.8000000000000025,9.199999999999998
614,-125.90537557489803,4.9,-125.84904581489802,4.8000000000000025,9.199999999999998
615,-125.90394221000008,5.0,-125.84761644000008,4.8000000000000025,9.199999999999998
616,-120.24642155000059,0.6,-120.17398886000059,5.000000000000003,8.999999999999996
617,-121.71865877428621,0.7,-121.6420024142862,5.000000000000003,8.999999999999996
618,-122.50647617000043,0.8,-122.42379521000042,5.000000000000003,8.999999999999996
619,-122.92068394000039,0.9,-122.83288185000039,5.000000000000003,8.999999999999996
620,-123.13072703000034,1.0,-123.03774620000036,5.000000000000003,8.999999999999996
621,-123.22824677272759,1.1,-123.13015305272758,5.000000000000003,8.999999999999996
622,-123.2645187900003,1.2,-123.1615501900003,5.000000000000003,8.999999999999996
623,-123.26855478923105,1.3,-123.16109352923104,5.000000000000003,8.999999999999996
624,-123.2567063271431,1.4,-123.1452215471431,5.000000000000003,8.999999999999996
625,-123.23791069000022,1.5,-123.12292709000023,5.000000000000003,8.999999999999996
626,-123.21666443000022,1.6,-123.09875480000021,5.000000000000003,8.999999999999996
627,-123.19497242764727,1.7,-123.07474233764727,5.000000000000003,8.999999999999996
628,-123.1736730200002,1.8,-123.05172487000019,5.000000000000003,8.999999999999996
629,-123.15317589368438,1.9,-123.03006316368437,5.000000000000003,8.999999999999996
630,-123.13373499000018,2.0,-123.00992313000019,5.000000000000003,8.999999999999996
631,-123.11549054142874,2.1,-122.99133673142875,5.000000000000003,8.999999999999996
632,-123.09847144636379,2.2,-122.9742262163638,5.000000000000003,8.999999999999996
633,-123.08262598086972,2.3,-122.95845078086973,5.000000000000003,8.999999999999996
634,-123.06786749000014,2.4,-122.94385834000016,5.000000000000003,8.999999999999996
635,-123.05410958000016,2.5,-122.93031837000015,5.000000000000003,8.999999999999996
636,-123.04128306461551,2.6,-122.91773176461551,5.000000000000003,8.999999999999996
637,-123.02934050333346,2.7,-122.90602688333345,5.000000000000003,8.999999999999996
638,-123.01825591857155,2.8,-122.89515101857154,5.000000000000003,8.999999999999996
639,-123.00802429689668,2.9,-122.88506270689666,5.000000000000003,8.999999999999996
640,-122.99866187000013,3.0,-122.87572597000012,5.000000000000003,8.999999999999996
641,-122.9902074487098,3.1,-122.86710623870978,5.000000000000003,8.999999999999996
642,-122.9827242900001,3.2,-122.8591676400001,5.000000000000003,8.999999999999996
643,-122.97629896090919,3.3,-122.8518713909092,5.000000000000003,8.999999999999996
644,-122.97102389882363,3.4,-122.84517526882362,5.000000000000003,8.999999999999996
645,-122.96694085285722,3.5,-122.83903405285724,5.000000000000003,8.999999999999996
646,-122.9639649800001,3.6,-122.83340060000009,5.000000000000003,8.999999999999996
647,-122.95740388702711,3.7,-122.82822730702713,5.000000000000003,8.999999999999996
648,-122.95733750684221,3.8,-122.8234675668422,5.000000000000003,8.999999999999996
649,-122.957292333077,3.9,-122.819077003077,5.000000000000003,8.999999999999996
650,-122.95726358000009,4.0,-122.81501445000008,5.000000000000003,8.999999999999996
651,-122.95724693926839,4.1,-122.81124246926838,5.000000000000003,8.999999999999996
652,-122.95723881571436,4.2,-122.80772762571436,5.000000000000003,8.999999999999996
653,-122.95723640744195,4.3,-122.80444048744194,5.000000000000003,8.999999999999996
654,-122.9572376181819,4.4,-122.80135546818191,5.000000000000003,8.999999999999996
655,-122.95724097000009,4.5,-122.79845058000008,5.000000000000003,8.999999999999996
656,-122.95724545043485,4.6,-122.79570715043485,5.000000000000003,8.999999999999996
657,-122.95725040872347,4.7,-122.79310948872347,5.000000000000003,8.999999999999996
658,-122.95725543000007,4.8,-122.79064462000008,5.000000000000003,8.999999999999996
659,-122.95726028346945,4.9,-122.78830182346945,5.000000000000003,8.999999999999996
660,-122.95726485000007,5.0,-122.78607227000008,5.000000000000003,8.999999999999996
661,-117.61425129333392,0.6,-117.5414775733339,5.200000000000003,8.799999999999997
662,-119.09958665857192,0.7,-119.02165267857191,5.200000000000003,8.799999999999997
663,-119.88948003000044,0.8,-119.80435750000044,5.200000000000003,8.799999999999997
664,-120.30028260888926,0.9,-120.20867117888926,5.200000000000003,8.799999999999997
665,-120.50386109000036,1.0,-120.40563127000036,5.200000000000003,8.799999999999997
666,-120.59342922000032,1.1,-120.48859735000032,5.200000000000003,8.799999999999997
667,-120.62121389666694,1.2,-120.50998105666696,5.200000000000003,8.799999999999997
668,-120.61672729000027,1.3,-120.49944295000027,5.200000000000003,8.799999999999997
669,-120.59656520428595,1.4,-120.47366451428596,5.200000000000003,8.799999999999997
670,-120.56981968333358,1.5,-120.44178517333359,5.200000000000003,8.799999999999997
671,-120.54114061000023,1.6,-120.4084844000002,5.200000000000003,8.799999999999997
672,-120.51268946941198,1.7,-120.37592508941196,5.200000000000003,8.799999999999997
673,-120.48543665444463,1.8,-120.34502577444464,5.200000000000003,8.799999999999997
674,-120.45988668368439,1.9,-120.31616873368439,5.200000000000003,8.799999999999997
675,-120.43636391000017,2.0,-120.28948722000017,5.200000000000003,8.799999999999997
676,-120.41507716952397,2.1,-120.26495123952397,5.200000000000003,8.799999999999997
677,-120.39613490000016,2.2,-120.24241491000018,5.200000000000003,8.799999999999997
678,-120.37956988260883,2.3,-120.22167418260885,5.200000000000003,8.799999999999997
679,-120.36536255333348,2.4,-120.20251965333347,5.200000000000003,8.799999999999997
680,-120.35344548000013,2.5,-120.18476756000014,5.200000000000003,8.799999999999997
681,-120.34369237000013,2.6,-120.16826977000014,5.200000000000003,8.799999999999997
682,-120.3359093729631,2.7,-120.1529116929631,5.200000000000003,8.799999999999997
683,-120.32984245714299,2.8,-120.13860609714298,5.200000000000003,8.799999999999997
684,-120.32520145172427,2.9,-120.12528676172425,5.200000000000003,8.799999999999997
685,-120.3216921866668,3.0,-120.11290274666679,5.200000000000003,8.799999999999997
686,-120.31904709709688,3.1,-120.10141348709689,5.200000000000003,8.799999999999997
687,-120.31704535000011,3.2,-120.09078438000012,5.200000000000003,8.799999999999997
688,-120.31551805333345,3.3,-120.08098303333344,5.200000000000003,8.799999999999997
689,-120.31434215470598,3.4,-120.07197623470599,5.200000000000003,8.799999999999997
690,-120.31342983571439,3.5,-120.06372794571439,5.200000000000003,8.799999999999997
691,-120.31271830222232,3.6,-120.05619831222232,5.200000000000003,8.799999999999997
692,-120.31216168459468,3.7,-120.04934365459468,5.200000000000003,8.799999999999997
693,-120.31172548684219,3.8,-120.0431171468422,5.200000000000003,8.799999999999997
694,-120.31138295666675,3.9,-120.03747003666675,5.200000000000003,8.799999999999997
695,-120.3111129000001,4.0,-120.0323529100001,5.200000000000003,8.799999999999997
696,-120.31089834682936,4.1,-120.02771688682935,5.200000000000003,8.799999999999997
697,-120.31072578476198,4.2,-120.02351462476199,5.200000000000003,8.799999999999997
698,-120.31058452906984,4.3,-120.01970109906985,5.200000000000003,8.799999999999997
699,-120.31046634000009,4.4,-120.01623410000008,5.200000000000003,8.799999999999997
700,-120.31036493777785,4.5,-120.01307453777787,5.200000000000003,8.799999999999997
701,-120.31027569130443,4.6,-120.01018665130442,5.200000000000003,8.799999999999997
702,-120.31019526680859,4.7,-120.00753798680859,5.200000000000003,8.799999999999997
703,-120.31012129666674,4.8,-120.00509943666674,5.200000000000003,8.799999999999997
704,-120.31005213551026,4.9,-120.00284508551027,5.200000000000003,8.799999999999997
705,-120.30998668000007,5.0,-120.00075211000006,5.200000000000003,8.799999999999997
706,-114.7435919980006,0.6,-115.1728443800006,5.400000000000003,8.599999999999998
707,-116.24457789914337,0.7,-116.66295243714336,5.400000000000003,8.599999999999998
708,-117.03859933600044,0.8,-117.44536808000045,5.400000000000003,8.599999999999998
709,-117.5141103960004,0.9,-117.8440863500004,5.400000000000003,8.599999999999998
710,-117.76124600000034,1.0,-118.03250626000036,5.400000000000003,8.599999999999998
711,-117.88671304345488,1.1,-118.10553124545487,5.400000000000003,8.599999999999998
712,-117.9432345460003,1.2,-118.1165365900003,5.400000000000003,8.599999999999998
713,-117.96532121184642,1.3,-118.09571407384641,5.400000000000003,8.599999999999998
714,-117.9691375085717,1.4,-118.06002762857167,5.400000000000003,8.599999999999998
715,-117.96507621400023,1.5,-118.01880445000025,5.400000000000003,8.599999999999998
716,-117.95842752400021,1.6,-117.97690120000021,5.400000000000003,8.599999999999998
717,-117.95271750741196,1.7,-117.93666083941197,5.400000000000003,8.599999999999998
718,-117.94659142800019,1.8,-117.8991624700002,5.400000000000003,8.599999999999998
719,-117.9399822608423,1.9,-117.86489468684229,5.400000000000003,8.599999999999998
720,-117.93326942600018,2.0,-117.83399925000019,5.400000000000003,8.599999999999998
721,-117.92679544171445,2.1,-117.80632998571444,5.400000000000003,8.599999999999998
722,-117.92082165472743,2.2,-117.78153497272743,5.400000000000003,8.599999999999998
723,-117.91548443721754,2.3,-117.75919084521755,5.400000000000003,8.599999999999998
724,-117.91080309000013,2.4,-117.73890804000014,5.400000000000003,8.599999999999998
725,-117.90673488600012,2.5,-117.72037193000014,5.400000000000003,8.599999999999998
726,-117.90321776092321,2.6,-117.7033419869232,5.400000000000003,8.599999999999998
727,-117.90018758000012,2.7,-117.68763684000014,5.400000000000003,8.599999999999998
728,-117.89758311428584,2.8,-117.67311918428584,5.400000000000003,8.599999999999998
729,-117.89534719151736,2.9,-117.65968441551738,5.400000000000003,8.599999999999998
730,-117.89490538800013,3.0,-117.64725274000011,5.400000000000003,8.599999999999998
731,-117.89339792354849,3.1,-117.6357632435485,5.400000000000003,8.599999999999998
732,-117.8920801920001,3.2,-117.6251688300001,5.400000000000003,8.599999999999998
733,-117.89090876381829,3.3,-117.61543133181829,5.400000000000003,8.599999999999998
734,-117.88985895870599,3.4,-117.60651680470599,5.400000000000003,8.599999999999998
735,-117.88891243542867,3.5,-117.59839152142867,5.400000000000003,8.599999999999998
736,-117.8880542180001,3.6,-117.59101895000009,5.400000000000003,8.599999999999998
737,-117.88727186589199,3.7,-117.58435818189199,5.400000000000003,8.599999999999998
738,-117.88655492842115,3.8,-117.57836367842114,5.400000000000003,8.599999999999998
739,-117.88589455261547,3.9,-117.57298607461547,5.400000000000003,8.599999999999998
740,-117.8852831700001,4.0,-117.56817353000008,5.400000000000003,8.599999999999998
741,-117.88471432980495,4.1,-117.56387336780497,5.400000000000003,8.599999999999998
742,-117.88418252685724,4.2,-117.56003351285723,5.400000000000003,8.599999999999998
743,-117.88368310800008,4.3,-117.55660374000007,5.400000000000003,8.599999999999998
744,-117.88321217636371,4.4,-117.55353657636373,5.400000000000003,8.599999999999998
745,-117.88276648000007,4.5,-117.55078792000009,5.400000000000003,8.599999999999998
746,-117.88234331860876,4.6,-117.54831739260877,5.400000000000003,8.599999999999998
747,-117.88194047604262,4.7,-117.54608850404263,5.400000000000003,8.599999999999998
748,-117.88155609000007,4.8,-117.54406868000007,5.400000000000003,8.599999999999998
749,-117.88118861902049,4.9,-117.54222911102048,5.400000000000003,8.599999999999998
750,-117.88083674600007,5.0,-117.54054465000007,5.400000000000003,8.599999999999998
751,-112.86495253000061,0.6,-113.07190819000061,5.600000000000003,8.399999999999997
752,-114.39271080000051,0.7,-114.5700310400005,5.600000000000003,8.399999999999997
753,-115.20807728500046,0.8,-115.35131191000046,5.600000000000003,8.399999999999997
754,-115.63350390833374,0.9,-115.74403061333375,5.600000000000003,8.399999999999997
755,-115.84393026000036,1.0,-115.92373340000036,5.600000000000003,8.399999999999997
756,-115.93543220909125,1.1,-115.98678423909125,5.600000000000003,8.399999999999997
757,-115.9627426200003,1.2,-115.98749431000032,5.600000000000003,8.399999999999997
758,-115.9573925007695,1.3,-115.95659151076951,5.600000000000003,8.399999999999997
759,-115.93741737000025,1.4,-115.91134626000024,5.600000000000003,8.399999999999997
760,-115.91263960500024,1.5,-115.86131185000022,5.600000000000003,8.399999999999997
761,-115.88774368500023,1.6,-115.81159153000023,5.600000000000003,8.399999999999997
762,-115.87794589764727,1.7,-115.76485468764727,5.600000000000003,8.399999999999997
763,-115.85830786666686,1.8,-115.72260649666686,5.600000000000003,8.399999999999997
764,-115.83957548815809,1.9,-115.68571231315809,5.600000000000003,8.399999999999997
765,-115.82211608000017,2.0,-115.65425456000017,5.600000000000003,8.399999999999997
766,-115.80613588000017,2.1,-115.62752114000017,5.600000000000003,8.399999999999997
767,-115.79176430454561,2.2,-115.60452185454561,5.600000000000003,8.399999999999997
768,-115.7793077836958,2.3,-115.5844043586958,5.600000000000003,8.399999999999997
769,-115.76343781500015,2.4,-115.56654898000015,5.600000000000003,8.399999999999997
770,-115.76007429500015,2.5,-115.55052451000014,5.600000000000003,8.399999999999997
771,-115.74975003038475,2.6,-115.53602619538475,5.600000000000003,8.399999999999997
772,-115.74378855444458,2.7,-115.52282987444458,5.600000000000003,8.399999999999997
773,-115.73812803000013,2.8,-115.51076442000013,5.600000000000003,8.399999999999997
774,-115.73298116827598,2.9,-115.49969688827599,5.600000000000003,8.399999999999997
775,-115.72833061000011,3.0,-115.48952483000012,5.600000000000003,8.399999999999997
776,-115.72414868806464,3.1,-115.48017139806464,5.600000000000003,8.399999999999997
777,-115.7204016200001,3.2,-115.4715809700001,5.600000000000003,8.399999999999997
778,-115.71705190636375,3.3,-115.46371378636375,5.600000000000003,8.399999999999997
779,-115.71421703882363,3.4,-115.45653996882363,5.600000000000003,8.399999999999997
780,-115.71132354000011,3.5,-115.4500336200001,5.600000000000003,8.399999999999997
781,-115.70908470833344,3.6,-115.44416786333343,5.600000000000003,8.399999999999997
782,-115.70684186891901,3.7,-115.43891178891901,5.600000000000003,8.399999999999997
783,-115.70495895657905,3.8,-115.43422912157904,5.600000000000003,8.399999999999997
784,-115.70318684192316,3.9,-115.43007856692316,5.600000000000003,8.399999999999997
785,-115.70165226500009,4.0,-115.42641509000009,5.600000000000003,8.399999999999997
786,-115.70017342719521,4.1,-115.4231917621952,5.600000000000003,8.399999999999997
787,-115.69880675000007,4.2,-115.42036145000009,5.600000000000003,8.399999999999997
788,-115.69753610523264,4.3,-115.41787842023264,5.600000000000003,8.399999999999997
789,-115.6963482172728,4.4,-115.4156993972728,5.600000000000003,8.399999999999997
790,-115.69523228166675,4.5,-115.41378436666675,5.600000000000003,8.399999999999997
791,-115.69417951434791,4.6,-115.4120969743479,5.600000000000003,8.399999999999997
792,-115.69318277542561,4.7,-115.41060467042561,5.600000000000003,8.399999999999997
793,-115.69223626500008,4.8,-115.40927870000007,5.600000000000003,8.399999999999997
794,-115.69133522500007,4.9,-115.40809397000007,5.600000000000003,8.399999999999997
795,-115.69047570000006,5.0,-115.40702878000008,5.600000000000003,8.399999999999997
796,-111.31491765333396,0.6,-111.24236572333396,5.800000000000003,8.199999999999996
797,-112.82682465714339,0.7,-112.7468672071434,5.800000000000003,8.199999999999996
798,-113.62160483000046,0.8,-113.52649629000045,5.800000000000003,8.199999999999996
799,-114.0198329388893,0.9,-113.91320438888931,5.800000000000003,8.199999999999996
800,-114.20348990000036,1.0,-114.08444977000036,5.800000000000003,8.199999999999996
801,-114.27013304090943,1.1,-114.13794112090943,5.800000000000003,8.199999999999996
802,-114.27474305666696,1.2,-114.12886742666699,5.800000000000003,8.199999999999996
803,-114.24835555076952,1.3,-114.08846769076952,5.800000000000003,8.199999999999996
804,-114.20833437857169,1.4,-114.03430829857169,5.800000000000003,8.199999999999996
805,-114.16418447333358,1.5,-113.97616667333357,5.800000000000003,8.199999999999996
806,-114.12082425000023,1.6,-113.91942875000024,5.800000000000003,8.199999999999996
807,-114.08055572411786,1.7,-113.86727422411786,5.800000000000003,8.199999999999996
808,-114.04430049444466,1.8,-113.82210970444466,5.800000000000003,8.199999999999996
809,-114.01229949263177,1.9,-113.78550510263177,5.800000000000003,8.199999999999996
811,-113.96051708238113,2.1,-113.73433104238113,5.800000000000003,8.199999999999996
812,-113.94012574545471,2.2,-113.71601149545471,5.800000000000003,8.199999999999996
813,-113.92286830304364,2.3,-113.70071980304364,5.800000000000003,8.199999999999996
814,-113.90830910333348,2.4,-113.68768424333348,5.800000000000003,8.199999999999996
815,-113.89606570000014,2.5,-113.67640996000014,5.800000000000003,8.199999999999996
816,-113.88584793538476,2.6,-113.66656139538475,5.800000000000003,8.199999999999996
817,-113.87743895629643,2.7,-113.65789445629643,5.800000000000003,8.199999999999996
818,-113.87064475428585,2.8,-113.65022122428584,5.800000000000003,8.199999999999996
819,-113.86525233000013,2.9,-113.64339356000013,5.800000000000003,8.199999999999996
820,-113.8591669966668,3.0,-113.6372958466668,5.800000000000003,8.199999999999996
821,-113.85772533064528,3.1,-113.63184098064528,5.800000000000003,8.199999999999996
822,-113.85514823000011,3.2,-113.62696644000012,5.800000000000003,8.199999999999996
823,-113.85815011696981,3.3,-113.62262887696981,5.800000000000003,8.199999999999996
824,-113.85704127705893,3.4,-113.61879762705892,5.800000000000003,8.199999999999996
825,-113.85611369142867,3.5,-113.61544792142868,5.800000000000003,8.199999999999996
826,-113.85534071222233,3.6,-113.61255530222232,5.800000000000003,8.199999999999996
827,-113.85469923567578,3.7,-113.61009177567578,5.800000000000003,8.199999999999996
828,-113.85416859631589,3.8,-113.60802408631588,5.800000000000003,8.199999999999996
829,-113.85373009358983,3.9,-113.60631390358984,5.800000000000003,8.199999999999996
830,-113.8533669500001,4.0,-113.6049190800001,5.800000000000003,8.199999999999996
831,-113.85306445000009,4.1,-113.6037955800001,5.800000000000003,8.199999999999996
832,-113.85280996619056,4.2,-113.60289946619056,5.800000000000003,8.199999999999996
833,-113.85259299976752,4.3,-113.60218869976752,5.800000000000003,8.199999999999996
834,-113.85223954777786,4.5,-113.60117301777785,5.800000000000003,8.199999999999996
835,-113.85160838000007,5.0,-113.59980506000008,5.800000000000003,8.199999999999996
836,-109.7621892400006,0.6,-109.68768650000061,6.0000000000000036,7.9999999999999964
837,-111.28007046857195,0.7,-111.19717734857196,6.0000000000000036,7.9999999999999964
838,-112.07352418000045,0.8,-111.97492811000046,6.0000000000000036,7.9999999999999964
839,-112.46781463666707,0.9,-112.35596558666708,6.0000000000000036,7.9999999999999964
840,-112.64578923000036,1.0,-112.51940521000037,6.0000000000000036,7.9999999999999964
841,-112.70625281090943,1.1,-112.56415376090942,6.0000000000000036,7.9999999999999964
842,-112.70499747000031,1.2,-112.5461909600003,6.0000000000000036,7.9999999999999964
843,-112.67349446384645,1.3,-112.49721340384644,6.0000000000000036,7.9999999999999964
844,-112.62928492428598,1.4,-112.43503767428597,6.0000000000000036,7.9999999999999964
845,-112.58190597000024,1.5,-112.36960834000024,6.0000000000000036,7.9999999999999964
846,-112.53624513000024,1.6,-112.30653473000022,6.0000000000000036,7.9999999999999964
847,-112.49455279882375,1.7,-112.24956694882374,6.0000000000000036,7.9999999999999964
848,-112.45769743333354,1.8,-112.20246653333353,6.0000000000000036,7.9999999999999964
849,-112.42588124526335,1.9,-112.16763660526335,6.0000000000000036,7.9999999999999964
850,-112.39899585000018,2.0,-112.14320065000018,6.0000000000000036,7.9999999999999964
851,-112.37678007285733,2.1,-112.12578437285732,6.0000000000000036,7.9999999999999964
852,-112.35887680545471,2.2,-112.11289195545471,6.0000000000000036,7.9999999999999964
853,-112.34484288826103,2.3,-112.10299896826103,6.0000000000000036,7.9999999999999964
854,-112.33415142000015,2.4,-112.09520174000015,6.0000000000000036,7.9999999999999964
855,-112.32622263000015,2.5,-112.08894821000015,6.0000000000000036,7.9999999999999964
856,-112.31408826692322,2.6,-112.08387822692322,6.0000000000000036,7.9999999999999964
857,-112.3125749155557,2.7,-112.0797371155557,6.0000000000000036,7.9999999999999964
858,-112.31354462714299,2.8,-112.07633217714299,6.0000000000000036,7.9999999999999964
859,-112.3096460706898,2.9,-112.07351238068979,6.0000000000000036,7.9999999999999964
860,-112.30906868000012,3.0,-112.07115903000012,6.0000000000000036,7.9999999999999964
861,-112.30908828129043,3.1,-112.06918071129044,6.0000000000000036,7.9999999999999964
862,-112.31225553000012,3.2,-112.06750908000012,6.0000000000000036,7.9999999999999964
863,-112.31184830363647,3.3,-112.06609421363648,6.0000000000000036,7.9999999999999964
864,-112.31151523941188,3.4,-112.06489959941187,6.0000000000000036,7.9999999999999964
865,-112.31124070571438,3.5,-112.06389740571439,6.0000000000000036,7.9999999999999964
866,-112.31101480666676,3.6,-112.06306467666677,6.0000000000000036,7.9999999999999964
867,-112.31083055216227,3.7,-112.06238076216226,6.0000000000000036,7.9999999999999964
868,-112.31068228263167,3.8,-112.06182605263167,6.0000000000000036,7.9999999999999964
869,-112.31056492461548,3.9,-112.06138153461548,6.0000000000000036,7.9999999999999964
870,-112.3104736600001,4.0,-112.06102909000009,6.0000000000000036,7.9999999999999964
871,-112.31040393121961,4.1,-112.0607519012196,6.0000000000000036,7.9999999999999964
872,-112.31035154142866,4.2,-112.06053496142866,6.0000000000000036,7.9999999999999964
873,-112.31031270860474,4.3,-112.06036527860473,6.0000000000000036,7.9999999999999964
874,-112.30894889272736,4.4,-112.06023209272736,6.0000000000000036,7.9999999999999964
875,-112.30895107333342,4.5,-112.06012671333342,6.0000000000000036,7.9999999999999964
876,-112.30895418913052,4.6,-112.06004234913051,6.0000000000000036,7.9999999999999964
877,-112.31020659063837,4.7,-112.05997381063837,6.0000000000000036,7.9999999999999964
878,-108.48715006000062,0.6,-108.41101016000063,6.200000000000004,7.799999999999996
879,-110.00963292428624,0.7,-109.92430893428623,6.200000000000004,7.799999999999996
880,-110.80204389000048,0.8,-110.70020020000047,6.200000000000004,7.799999999999996
881,-111.19292234666706,0.9,-111.07620515666709,6.200000000000004,7.799999999999996
882,-111.36607749000038,1.0,-111.23282334000038,6.200000000000004,7.799999999999996
883,-111.42141140909126,1.1,-111.26998473909126,6.200000000000004,7.799999999999996
884,-111.41542956000032,1.2,-111.24434786000032,6.200000000000004,7.799999999999996
885,-111.37996367000028,1.3,-111.18799327000028,6.200000000000004,7.799999999999996
886,-111.33266945714314,1.4,-111.11892248714312,6.200000000000004,7.799999999999996
887,-111.28306257000024,1.5,-111.04715692000023,6.200000000000004,7.799999999999996
888,-111.23595420000024,1.6,-110.97837155000023,6.200000000000004,7.799999999999996
889,-111.19350356176493,1.7,-110.91665473176492,6.200000000000004,7.799999999999996
890,-111.15648570333354,1.8,-110.86711235333354,6.200000000000004,7.799999999999996
891,-111.12500458105282,1.9,-110.83302005105283,6.200000000000004,7.799999999999996
892,-111.09882798000018,2.0,-110.81121709000018,6.200000000000004,7.799999999999996
893,-111.07752475142875,2.1,-110.79720337142875,6.200000000000004,7.799999999999996
894,-111.06053295454562,2.2,-110.78790461454562,6.200000000000004,7.799999999999996
895,-111.04722160434798,2.3,-110.78149434434799,6.200000000000004,7.799999999999996
896,-111.03695429000015,2.4,-110.77691570000016,6.200000000000004,7.799999999999996
897,-111.02914405000016,2.5,-110.77355044000015,6.200000000000004,7.799999999999996
898,-111.02329430000015,2.6,-110.77102319000014,6.200000000000004,7.799999999999996
899,-111.01353032222235,2.7,-110.76909266222236,6.200000000000004,7.799999999999996
900,-111.01287934857156,2.8,-110.76759398857156,6.200000000000004,7.799999999999996
901,-111.01206013034496,2.9,-110.76640919034496,6.200000000000004,7.799999999999996
902,-111.01141149000013,3.0,-110.76545228000013,6.200000000000004,7.799999999999996
903,-111.01306441000011,3.1,-110.76466106000012,6.200000000000004,7.799999999999996
904,-111.01282619000011,3.2,-110.76399196000011,6.200000000000004,7.799999999999996
905,-111.01258802636374,3.3,-110.76341577636376,6.200000000000004,7.799999999999996
906,-111.01235509588247,3.4,-110.76291392588247,6.200000000000004,7.799999999999996
907,-111.01213083285725,3.5,-110.76247501285725,6.200000000000004,7.799999999999996
908,-111.01191736666678,3.6,-110.76209188666677,6.200000000000004,7.799999999999996
909,-111.01171577837849,3.7,-110.76175945837848,6.200000000000004,7.799999999999996
910,-111.01152639052641,3.8,-110.76147326052642,6.200000000000004,7.799999999999996
911,-111.01134901000009,3.9,-110.76122872000009,6.200000000000004,7.799999999999996
912,-111.01118305000008,4.0,-110.76102092000009,6.200000000000004,7.799999999999996
913,-111.01102768585375,4.1,-110.76084473585375,6.200000000000004,7.799999999999996
914,-111.01088201571437,4.2,-110.76069505571438,6.200000000000004,7.799999999999996
915,-111.01074509674427,4.3,-110.76056708674427,6.200000000000004,7.799999999999996
916,-111.0106160672728,4.4,-110.7604565372728,6.200000000000004,7.799999999999996
917,-111.01049410333341,4.5,-110.76035976333341,6.200000000000004,7.799999999999996
918,-111.010378492174,4.6,-110.76027375217399,6.200000000000004,7.799999999999996
919,-111.01026863446816,4.7,-110.76019612446817,6.200000000000004,7.799999999999996
920,-111.01051942000008,4.8,-110.76012507000009,6.200000000000004,7.799999999999996
921,-111.01042067775518,4.9,-110.76005920775518,6.200000000000004,7.799999999999996
922,-111.01032627000008,5.0,-110.75999750000007,6.200000000000004,7.799999999999996
923,-107.49241951333396,0.6,-107.41505103333397,6.400000000000004,7.599999999999996
924,-109.02142529428625,0.7,-108.93114367428623,6.400000000000004,7.599999999999996
925,-109.81008724000048,0.8,-109.70539166000046,6.400000000000004,7.599999999999996
926,-110.19825214888928,0.9,-110.07724252888929,6.400000000000004,7.599999999999996
927,-110.36758151000038,1.0,-110.22829072000039,6.400000000000004,7.599999999999996
928,-110.41889258545487,1.1,-110.2592896954549,6.400000000000004,7.599999999999996
929,-110.40930118666697,1.2,-110.22744494666696,6.400000000000004,7.599999999999996
930,-110.37093020923106,1.3,-110.16513709923106,6.400000000000004,7.599999999999996
931,-110.32151583714312,1.4,-110.0904875371431,6.400000000000004,7.599999999999996
932,-110.27055085333357,1.5,-110.01351071333357,6.400000000000004,7.599999999999996
933,-110.22278994000024,1.6,-109.93976739000024,6.400000000000004,7.599999999999996
934,-110.1803211829414,1.7,-109.8732029829414,6.400000000000004,7.599999999999996
935,-110.14381175444464,1.8,-109.81959573444465,6.400000000000004,7.599999999999996
936,-110.11317338000019,1.9,-109.78330193000019,6.400000000000004,7.599999999999996
937,-110.08785965000018,2.0,-109.7604902200002,6.400000000000004,7.599999999999996
938,-110.06704778809541,2.1,-109.74602942809541,6.400000000000004,7.599999999999996
939,-110.04985099272744,2.2,-109.73656155272744,6.400000000000004,7.599999999999996
940,-110.03554364130451,2.3,-109.73011461130451,6.400000000000004,7.599999999999996
941,-110.02441779333348,2.4,-109.72554920333349,6.400000000000004,7.599999999999996
942,-110.01467172000015,2.5,-109.72220176000015,6.400000000000004,7.599999999999996
943,-110.00592684461553,2.6,-109.71967550461554,6.400000000000004,7.599999999999996
944,-109.99793438629644,2.7,-109.71772234629644,6.400000000000004,7.599999999999996
945,-109.99056705857156,2.8,-109.71617832857156,6.400000000000004,7.599999999999996
946,-109.98378833896565,2.9,-109.71492950896565,6.400000000000004,7.599999999999996
947,-109.9776781966668,3.0,-109.7138939766668,6.400000000000004,7.599999999999996
948,-109.97554603677432,3.1,-109.71301217677431,6.400000000000004,7.599999999999996
949,-109.97303185000013,3.2,-109.71224123000013,6.400000000000004,7.599999999999996
950,-109.97086998515164,3.3,-109.71155112515163,6.400000000000004,7.599999999999996
951,-109.96519792285724,3.5,-109.71034010285724,6.400000000000004,7.599999999999996
952,-109.96437702222232,3.6,-109.70979836222233,6.400000000000004,7.599999999999996
953,-109.96361371432442,3.7,-109.70929165432442,6.400000000000004,7.599999999999996
954,-109.9629025700001,3.8,-109.7088168200001,6.400000000000004,7.599999999999996
955,-109.96223861974369,3.9,-109.70837140974368,6.400000000000004,7.599999999999996
956,-109.9616172300001,4.0,-109.70795316000009,6.400000000000004,7.599999999999996
957,-109.96103415390253,4.1,-109.70755974390252,6.400000000000004,7.599999999999996
958,-109.96048555904771,4.2,-109.7071887990477,6.400000000000004,7.599999999999996
959,-109.95996796418613,4.3,-109.70683794418613,6.400000000000004,7.599999999999996
960,-109.95947834636372,4.4,-109.70650492636372,6.400000000000004,7.599999999999996
961,-109.95901402777787,4.5,-109.70618770777786,6.400000000000004,7.599999999999996
962,-109.95857269565225,4.6,-109.70588449565226,6.400000000000004,7.599999999999996
963,-109.95815236744689,4.7,-109.70559376744689,6.400000000000004,7.599999999999996
964,-109.95775130666675,4.8,-109.70531426666675,6.400000000000004,7.599999999999996
965,-109.95736803061233,4.9,-109.70504494061232,6.400000000000004,7.599999999999996
966,-109.95700125000008,5.0,-109.70478495000008,6.400000000000004,7.599999999999996
967,-106.7801309600006,0.6,-106.70201423000063,6.600000000000004,7.399999999999996
968,-108.31162884857196,0.7,-108.22001401857196,6.600000000000004,7.399999999999996
969,-109.09995791000048,0.8,-108.99298474000048,6.600000000000004,7.399999999999996
970,-109.48616709333376,0.9,-109.36174233333375,6.600000000000004,7.399999999999996
971,-109.65273950000038,1.0,-109.5086735300004,6.600000000000004,7.399999999999996
972,-109.70116955000034,1.1,-109.53513518000037,6.600000000000004,7.399999999999996
973,-109.6890420100003,1.2,-109.49873328000031,6.600000000000004,7.399999999999996
974,-109.64871785153875,1.3,-109.43206155153874,6.600000000000004,7.399999999999996
975,-109.59801433428598,1.4,-109.35330917428598,6.600000000000004,7.399999999999996
976,-109.54645165000025,1.5,-109.27243694000025,6.600000000000004,7.399999999999996
977,-109.49883375000023,1.6,-109.19478533000023,6.600000000000004,7.399999999999996
978,-109.45735761235316,1.7,-109.12370100235317,6.600000000000004,7.399999999999996
979,-109.42285357666688,1.8,-109.06446563666688,6.600000000000004,7.399999999999996
980,-109.39537694210546,1.9,-109.02305041210545,6.600000000000004,7.399999999999996
981,-109.37456939000019,2.0,-108.99584808000019,6.600000000000004,7.399999999999996
982,-109.35984983285732,2.1,-108.97735496285732,6.600000000000004,7.399999999999996
983,-109.34934862000017,2.2,-108.96409515000018,6.600000000000004,7.399999999999996
984,-109.34165887913059,2.3,-108.95408457913061,6.600000000000004,7.399999999999996
985,-109.33584189000017,2.4,-108.94620046000016,6.600000000000004,7.399999999999996
986,-109.33129024000014,2.5,-108.93979787000015,6.600000000000004,7.399999999999996
987,-109.32761531076937,2.6,-108.93449192076937,6.600000000000004,7.399999999999996
988,-109.32456818777791,2.7,-108.93003722777792,6.600000000000004,7.399999999999996
989,-109.32198699714299,2.8,-108.92626362714299,6.600000000000004,7.399999999999996
990,-109.31976347655186,2.9,-108.92304332655186,6.600000000000004,7.399999999999996
991,-109.31782300000013,3.0,-108.92027480000013,6.600000000000004,7.399999999999996
992,-109.31611262161303,3.1,-108.91787502161303,6.600000000000004,7.399999999999996
993,-109.31459390000012,3.2,-108.91577557000011,6.600000000000004,7.399999999999996
994,-109.31323820000011,3.3,-108.91392038000012,6.600000000000004,7.399999999999996
995,-109.31202355117658,3.4,-108.91226414117658,6.600000000000004,7.399999999999996
996,-109.3109324257144,3.5,-108.91077071571439,6.600000000000004,7.399999999999996
997,-109.30995012333344,3.6,-108.90941157333343,6.600000000000004,7.399999999999996
998,-109.3090638000001,3.7,-108.9081643500001,6.600000000000004,7.399999999999996
999,-109.30826185105273,3.8,-108.90701139105273,6.600000000000004,7.399999999999996
1000,-109.30753360384625,3.9,-108.90593864384626,6.600000000000004,7.399999999999996
1001,-109.3068693100001,4.0,-108.9049347700001,6.600000000000004,7.399999999999996
1002,-109.30626009536596,4.1,-108.90399048536595,6.600000000000004,7.399999999999996
1003,-109.30569810142866,4.2,-108.90309809142866,6.600000000000004,7.399999999999996
1004,-109.30517650093033,4.3,-108.90225121093033,6.600000000000004,7.399999999999996
1005,-109.30468947000008,4.4,-108.90144452000008,6.600000000000004,7.399999999999996
1006,-109.30423218666675,4.5,-108.90067360666676,6.600000000000004,7.399999999999996
1007,-109.3038006995653,4.6,-108.8999348395653,6.600000000000004,7.399999999999996
1008,-109.30339181957456,4.7,-108.89922520957455,6.600000000000004,7.399999999999996
1009,-109.30300298000007,4.8,-108.89854224000007,6.600000000000004,7.399999999999996
1010,-109.30263212693886,4.9,-108.89788388693886,6.600000000000004,7.399999999999996
1011,-109.30227760000007,5.0,-108.89724837000007,6.600000000000004,7.399999999999996
1012,-106.35186711000063,0.6,-106.27352661000063,6.800000000000004,7.199999999999996
1013,-107.8851147371434,0.7,-107.79263578714338,6.800000000000004,7.199999999999996
1014,-108.67323596000048,0.8,-108.56479941000049,6.800000000000004,7.199999999999996
1015,-109.0582349400004,0.9,-108.93165144000042,6.800000000000004,7.199999999999996
1016,-109.22314510000038,1.0,-109.07605813000038,6.800000000000004,7.199999999999996
1017,-109.26986605272761,1.1,-109.09974453272763,6.800000000000004,7.199999999999996
1018,-109.25625604000032,1.2,-109.06056078000032,6.800000000000004,7.199999999999996
1019,-109.21483453692336,1.3,-108.99122733692336,6.800000000000004,7.199999999999996
1020,-109.1634971885717,1.4,-108.9099656285717,6.800000000000004,7.199999999999996
1021,-109.11183083000026,1.5,-108.82668120000025,6.800000000000004,7.199999999999996
1022,-109.06476470000024,1.6,-108.74651063000024,6.800000000000004,7.199999999999996
1023,-109.02472070000022,1.7,-108.67208362000022,6.800000000000004,7.199999999999996
1024,-108.99280458000021,1.8,-108.60667452000021,6.800000000000004,7.199999999999996
1025,-108.96927819736862,1.9,-108.55818633736862,6.800000000000004,7.199999999999996
1026,-108.95376005000018,2.0,-108.52492506000019,6.800000000000004,7.199999999999996
1027,-108.94423687571447,2.1,-108.50100332571446,6.800000000000004,7.199999999999996
1028,-108.93854545636381,2.2,-108.48276977636382,6.800000000000004,7.199999999999996
1029,-108.93510016782625,2.3,-108.46817817782625,6.800000000000004,7.199999999999996
1030,-108.93291461000015,2.4,-108.45607566000015,6.800000000000004,7.199999999999996
1031,-108.93143004000015,2.5,-108.44579580000014,6.800000000000004,7.199999999999996
1032,-108.93034628846168,2.6,-108.43693433846168,6.800000000000004,7.199999999999996
1033,-108.9295051366668,2.7,-108.42922747666681,6.800000000000004,7.199999999999996
1034,-108.92882146428585,2.8,-108.42248673428585,6.800000000000004,7.199999999999996
1035,-108.92824682310358,2.9,-108.41656626310358,6.800000000000004,7.199999999999996
1036,-108.92775137000012,3.0,-108.41134598000014,6.800000000000004,7.199999999999996
1037,-108.92731547451626,3.1,-108.40672521451626,6.800000000000004,7.199999999999996
1038,-108.92692578000012,3.2,-108.40261762000011,6.800000000000004,7.199999999999996
1039,-108.92657324090919,3.3,-108.39894960090919,6.800000000000004,7.199999999999996
1040,-108.92625195000011,3.4,-108.39565891000011,6.800000000000004,7.199999999999996
1041,-108.92595818142867,3.5,-108.39269302142867,6.800000000000004,7.199999999999996
1042,-108.92568957000012,3.6,-108.39000776000012,6.800000000000004,7.199999999999996
1043,-108.92544447540551,3.7,-108.3875659554055,6.800000000000004,7.199999999999996
1044,-108.92522145368432,3.8,-108.3853360636843,6.800000000000004,7.199999999999996
1045,-108.92501897230778,3.9,-108.38329112230778,6.800000000000004,7.199999999999996
1046,-108.9248352800001,4.0,-108.38140782000009,6.800000000000004,7.199999999999996
1047,-108.92466847024399,4.1,-108.37966598024398,6.800000000000004,7.199999999999996
1048,-108.92451649285722,4.2,-108.37804800285723,6.800000000000004,7.199999999999996
1049,-108.92437736697683,4.3,-108.37653852697683,6.800000000000004,7.199999999999996
1050,-108.9242492081819,4.4,-108.37512428818191,6.800000000000004,7.199999999999996
1051,-108.92413036000009,4.5,-108.3737938100001,6.800000000000004,7.199999999999996
1052,-108.92401940391312,4.6,-108.37253839391312,6.800000000000004,7.199999999999996
1053,-108.92391515085114,4.7,-108.37134610085114,6.800000000000004,7.199999999999996
1054,-108.92381666000009,4.8,-108.37021336000008,6.800000000000004,7.199999999999996
1055,-108.92372319673477,4.9,-108.36913294673477,6.800000000000004,7.199999999999996
1056,-108.92363416000008,5.0,-108.36809976000008,6.800000000000004,7.199999999999996
1057,-106.20943810333398,0.6,-106.13058541333396,7.000000000000004,6.999999999999996
1058,-107.74283900000054,0.7,-107.65005861000054,7.000000000000004,6.999999999999996
1059,-108.53088317000048,0.8,-108.42194649000048,7.000000000000004,6.999999999999996
1060,-108.91547182888931,0.9,-108.78815515888931,7.000000000000004,6.999999999999996
1061,-109.07982621000038,1.0,-108.93171141000037,7.000000000000004,6.999999999999996
1062,-109.12598155363672,1.1,-108.95446407363671,7.000000000000004,6.999999999999996
1063,-109.11188712666697,1.2,-108.91434526666697,7.000000000000004,6.999999999999996
1064,-109.07011701538491,1.3,-108.84411748538491,7.000000000000004,6.999999999999996
1065,-109.01859970000028,1.4,-108.76201137000028,7.000000000000004,6.999999999999996
1066,-108.96695726333358,1.5,-108.6779098633336,7.000000000000004,6.999999999999996
1067,-108.92018344000024,1.6,-108.59686786000023,7.000000000000004,6.999999999999996
1068,-108.88080391588258,1.7,-108.52118526588258,7.000000000000004,6.999999999999996
1069,-108.85002587444465,1.8,-108.45168820444465,7.000000000000004,6.999999999999996
1070,-108.82801604578967,1.9,-108.38847987578967,7.000000000000004,6.999999999999996
1071,-108.8137488400002,2.0,-108.3313216100002,7.000000000000004,6.999999999999996
1072,-108.80525905666686,2.1,-108.27980899666686,7.000000000000004,6.999999999999996
1073,-108.80046715181835,2.2,-108.23346260181835,7.000000000000004,6.999999999999996
1074,-108.80010797739146,2.3,-108.19178429739146,7.000000000000004,6.999999999999996
1075,-108.7989311833335,2.4,-108.15429126333349,7.000000000000004,6.999999999999996
1076,-108.79827805000016,2.5,-108.12053346000016,7.000000000000004,6.999999999999996
1077,-108.79789099769245,2.6,-108.09010067769245,7.000000000000004,6.999999999999996
1078,-108.79764466296311,2.7,-108.0626246829631,7.000000000000004,6.999999999999996
1079,-108.79747776000013,2.8,-108.03777875000013,7.000000000000004,6.999999999999996
1080,-108.79735856862082,2.9,-108.01527576862082,7.000000000000004,6.999999999999996
1081,-108.79726888666679,3.0,-107.99486532666678,7.000000000000004,6.999999999999996
1082,-108.79719719548399,3.1,-107.97633049548398,7.000000000000004,6.999999999999996
1083,-108.79713589000012,3.2,-107.95948240000013,7.000000000000004,6.999999999999996
1084,-108.7970802378789,3.3,-107.9441588778789,7.000000000000004,6.999999999999996
1085,-108.79702775294129,3.4,-107.93021686294128,7.000000000000004,6.999999999999996
1086,-108.79697764000011,3.5,-107.9175306100001,7.000000000000004,6.999999999999996
1087,-108.79693027222233,3.6,-107.90598635222233,7.000000000000004,6.999999999999996
1088,-108.79688654054064,3.7,-107.89548093054064,7.000000000000004,6.999999999999996
1089,-108.79684742789485,3.8,-107.88591863789485,7.000000000000004,6.999999999999996
1090,-108.7968136351283,3.9,-107.8772104851283,7.000000000000004,6.999999999999996
1091,-108.7967854800001,4.0,-107.8692734200001,7.000000000000004,6.999999999999996
1092,-108.79676283853668,4.1,-107.86203012853667,7.000000000000004,6.999999999999996
1093,-108.79674526333342,4.2,-107.85540827333342,7.000000000000004,6.999999999999996
1094,-108.79673205232567,4.3,-107.84934175232567,7.000000000000004,6.999999999999996
1095,-108.79672246090918,4.4,-107.84376913090918,7.000000000000004,6.999999999999996
1096,-108.79671570777786,4.5,-107.83863473777787,7.000000000000004,6.999999999999996
1097,-108.79671110869573,4.6,-107.83388803869573,7.000000000000004,6.999999999999996
1098,-108.79670807127668,4.7,-107.82948395127669,7.000000000000004,6.999999999999996
1099,-108.79670614666674,4.8,-107.82538091666675,7.000000000000004,6.999999999999996
1100,-108.79670499000008,4.9,-107.82154413000008,7.000000000000004,6.999999999999996
1101,-108.79670433000007,5.0,-107.81794189000007,7.000000000000004,6.999999999999996
