1.000000000000000000e+00
3.000000000000000000e+00
5.000000000000000000e+00
1.200000000000000000e+01
1.500000000000000000e+01
1.700000000000000000e+01
2.600000000000000000e+01
3.100000000000000000e+01
3.300000000000000000e+01
3.900000000000000000e+01
4.100000000000000000e+01
4.600000000000000000e+01
5.200000000000000000e+01
5.800000000000000000e+01
6.400000000000000000e+01
6.600000000000000000e+01
8.700000000000000000e+01
9.100000000000000000e+01
9.400000000000000000e+01
9.900000000000000000e+01
1.090000000000000000e+02
1.100000000000000000e+02
1.200000000000000000e+02
1.220000000000000000e+02
1.270000000000000000e+02
1.310000000000000000e+02
1.320000000000000000e+02
1.410000000000000000e+02
1.420000000000000000e+02
1.460000000000000000e+02
1.480000000000000000e+02
1.830000000000000000e+02
1.910000000000000000e+02
1.940000000000000000e+02
2.020000000000000000e+02
2.060000000000000000e+02
2.120000000000000000e+02
2.140000000000000000e+02
2.230000000000000000e+02
2.240000000000000000e+02
2.330000000000000000e+02
2.410000000000000000e+02
2.420000000000000000e+02
2.440000000000000000e+02
2.450000000000000000e+02
2.470000000000000000e+02
2.550000000000000000e+02
2.600000000000000000e+02
2.640000000000000000e+02
2.670000000000000000e+02
2.680000000000000000e+02
2.690000000000000000e+02
2.730000000000000000e+02
2.740000000000000000e+02
2.780000000000000000e+02
2.790000000000000000e+02
2.890000000000000000e+02
2.950000000000000000e+02
3.020000000000000000e+02
3.050000000000000000e+02
3.100000000000000000e+02
3.320000000000000000e+02
3.480000000000000000e+02
3.500000000000000000e+02
3.590000000000000000e+02
3.720000000000000000e+02
3.790000000000000000e+02
3.820000000000000000e+02
3.860000000000000000e+02
4.000000000000000000e+02
4.070000000000000000e+02
4.110000000000000000e+02
4.120000000000000000e+02
4.160000000000000000e+02
4.170000000000000000e+02
4.200000000000000000e+02
4.240000000000000000e+02
4.270000000000000000e+02
4.460000000000000000e+02
4.470000000000000000e+02
4.560000000000000000e+02
4.610000000000000000e+02
4.750000000000000000e+02
4.780000000000000000e+02
4.790000000000000000e+02
4.810000000000000000e+02
4.820000000000000000e+02
4.950000000000000000e+02
4.990000000000000000e+02
5.010000000000000000e+02
5.020000000000000000e+02
5.250000000000000000e+02
5.370000000000000000e+02
5.390000000000000000e+02
5.400000000000000000e+02
5.410000000000000000e+02
5.430000000000000000e+02
5.510000000000000000e+02
5.530000000000000000e+02
5.550000000000000000e+02
