#R ./5-7-6-7-5-6/box-8/ 5.9900895012 5.95503055698 6.02793711464 5.75566358283 5.81034469492 5.76574149238 33.9960572763 34.038143085 43.5910364223 41.7262221547 52.6679917846 52.7123098054
#C 12 1.0 1.0 1.0 1.0 1.0 1.0 5.0 5.0 6.0 6.0 7.0 7.0 9.729828 11.715232 7.558904 12.243844 7.756993 7.558904 10.072926 3.600673 7.558904 5.387993 3.402573 7.558904 2.873958 7.360812 7.558904 5.044875 11.517151 7.558904 6.141464 9.790622 7.558904 6.334897 5.2155 7.558904 10.20035 7.670595 7.558904 4.917451 7.44721 7.558904 8.782905 9.902305 7.558904 8.976356 5.327183 7.558904
#R ./5-7-7-5-6-6/box-8/ 5.50654697099 5.51279166415 5.31097008517 5.31663971582 5.3295219256 5.294523765 31.5031365858 31.563099314 39.0664088104 38.9912496524 49.5200618893 49.4957794923
#C 12 1.0 1.0 1.0 1.0 1.0 1.0 5.0 5.0 6.0 6.0 7.0 7.0 9.729828 11.715232 7.558904 12.243844 7.756993 7.558904 10.072926 3.600673 7.558904 5.387993 3.402573 7.558904 2.873958 7.360812 7.558904 5.044875 11.517151 7.558904 6.141464 9.790622 7.558904 8.976356 5.327183 7.558904 6.334897 5.2155 7.558904 4.917451 7.44721 7.558904 8.782905 9.902305 7.558904 10.20035 7.670595 7.558904
#R ./7-5-7-5-7-5/box-8/ 5.48946330474 5.66996563742 5.5250525539 5.68817272343 5.52776024365 5.69832468227 32.9616732297 32.9888356346 33.022216658 50.2556491171 50.1780189569 50.3043053244
#C 12 1.0 1.0 1.0 1.0 1.0 1.0 5.0 5.0 5.0 7.0 7.0 7.0 9.729828 11.715232 7.558904 12.243844 7.756993 7.558904 10.072926 3.600673 7.558904 5.387993 3.402573 7.558904 2.873958 7.360812 7.558904 5.044875 11.517151 7.558904 8.782905 9.902305 7.558904 8.976356 5.327183 7.558904 4.917451 7.44721 7.558904 6.141464 9.790622 7.558904 10.20035 7.670595 7.558904 6.334897 5.2155 7.558904
#R ./CO-1.5/box-8/ 32.7849470793 18.9558899698
#C 2 8.0 6.0 8.976199 7.558904 7.558904 6.14161 7.558904 7.558904
#R ./N2-1.7/box-8/ 24.2067489931 24.1949821727
#C 2 7.0 7.0 5.952637 7.558904 7.558904 9.165172 7.558904 7.558904
#R ./CO-1.0/box-8/ 35.7083818101 22.2013482401
#C 2 8.0 6.0 8.503768 7.558904 7.558904 6.614041 7.558904 7.558904
#R ./CO-1.7/box-8/ 32.0489899141 18.1259489166
#C 2 8.0 6.0 9.165172 7.558904 7.558904 5.952637 7.558904 7.558904
#R ./5-6-6-7-6-6/box-8/ 5.81954124897 5.91431053731 6.06026922741 5.91982087961 5.84633373025 5.71645525481 33.6083103853 42.2097466663 43.1322773888 43.1878870712 42.2322406099 53.2291610663
#C 12 1.0 1.0 1.0 1.0 1.0 1.0 5.0 6.0 6.0 6.0 6.0 7.0 9.729828 11.715232 7.558904 12.243844 7.756993 7.558904 10.072926 3.600673 7.558904 5.387993 3.402573 7.558904 2.873958 7.360812 7.558904 5.044875 11.517151 7.558904 6.141464 9.790622 7.558904 8.782905 9.902305 7.558904 10.20035 7.670595 7.558904 6.334897 5.2155 7.558904 4.917451 7.44721 7.558904 8.976356 5.327183 7.558904
#R ./7-5-7-5-7-5/box-15/ 4.26440119068 4.39815625455 4.2623981386 4.38765109546 4.28181890202 4.38402609682 26.2103669351 26.2133752433 26.2168567687 41.288332622 41.2865079538 41.2950856828
#C 12 1.0 1.0 1.0 1.0 1.0 1.0 5.0 5.0 5.0 7.0 7.0 7.0 16.343869 18.329274 14.172946 18.857885 14.371035 14.172946 16.686968 10.214714 14.172946 12.002034 10.016614 14.172946 9.487999 13.974854 14.172946 11.658917 18.131193 14.172946 15.396946 16.516346 14.172946 15.590397 11.941225 14.172946 11.531492 14.061252 14.172946 12.755506 16.404663 14.172946 16.814392 14.284636 14.172946 12.948938 11.829542 14.172946
#R ./7-5-7-5-7-5/box-12/ 4.54432517324 4.70413651911 4.56921709843 4.70451408452 4.553816932 4.72386759166 27.697564033 27.7031876274 27.7227821581 42.9317411686 42.9339724948 42.9395848423
#C 12 1.0 1.0 1.0 1.0 1.0 1.0 5.0 5.0 5.0 7.0 7.0 7.0 13.50928 15.494685 11.338357 16.023296 11.536445 11.338357 13.852378 7.380125 11.338357 9.167445 7.182025 11.338357 6.65341 11.140264 11.338357 8.824327 15.296604 11.338357 12.562357 13.681757 11.338357 12.755808 9.106636 11.338357 8.696903 11.226663 11.338357 9.920917 13.570074 11.338357 13.979803 11.450047 11.338357 10.114349 8.994953 11.338357
#R ./BF-0.8/box-8/ 46.3709824802 19.1684531618
#C 2 9.0 5.0 8.314795 7.558904 7.558904 6.803014 7.558904 7.558904
#R ./5-6-6-7-6-6/box-15/ 4.367779941 4.46402042466 4.54418870858 4.45216450824 4.38342346643 4.25554420601 25.9138690351 33.1322201022 33.9767505172 33.985385159 33.1375718254 42.8468185281
#C 12 1.0 1.0 1.0 1.0 1.0 1.0 5.0 6.0 6.0 6.0 6.0 7.0 16.343869 18.329274 14.172946 18.857885 14.371035 14.172946 16.686968 10.214714 14.172946 12.002034 10.016614 14.172946 9.487999 13.974854 14.172946 11.658917 18.131193 14.172946 12.755506 16.404663 14.172946 15.396946 16.516346 14.172946 16.814392 14.284636 14.172946 12.948938 11.829542 14.172946 11.531492 14.061252 14.172946 15.590397 11.941225 14.172946
#R ./BF-1.7/box-8/ 41.9303717133 13.4909703387
#C 2 9.0 5.0 9.165172 7.558904 7.558904 5.952637 7.558904 7.558904
#R ./5-7-7-5-6-6/box-12/ 5.07710179436 5.07947624258 4.84913729072 4.88873229923 4.89093519815 4.84666650431 28.9950192997 29.0032442842 35.9815142515 35.9881634426 45.9885629911 46.0053235204
#C 12 1.0 1.0 1.0 1.0 1.0 1.0 5.0 5.0 6.0 6.0 7.0 7.0 13.50928 15.494685 11.338357 16.023296 11.536445 11.338357 13.852378 7.380125 11.338357 9.167445 7.182025 11.338357 6.65341 11.140264 11.338357 8.824327 15.296604 11.338357 9.920917 13.570074 11.338357 12.755808 9.106636 11.338357 10.114349 8.994953 11.338357 8.696903 11.226663 11.338357 12.562357 13.681757 11.338357 13.979803 11.450047 11.338357
#R ./5-6-6-7-6-6/box-12/ 5.17753060248 5.27088775865 5.41117295565 5.2642918974 5.19002180253 5.06051637423 29.9126311559 37.7959243919 38.7557212725 38.7575936816 37.7984717604 48.1166971845
#C 12 1.0 1.0 1.0 1.0 1.0 1.0 5.0 6.0 6.0 6.0 6.0 7.0 13.50928 15.494685 11.338357 16.023296 11.536445 11.338357 13.852378 7.380125 11.338357 9.167445 7.182025 11.338357 6.65341 11.140264 11.338357 8.824327 15.296604 11.338357 9.920917 13.570074 11.338357 12.562357 13.681757 11.338357 13.979803 11.450047 11.338357 10.114349 8.994953 11.338357 8.696903 11.226663 11.338357 12.755808 9.106636 11.338357
#R ./5-7-7-5-6-6/box-15/ 4.60247673405 4.61508415656 4.35085059073 4.41319245141 4.42649349525 4.34971475771 26.5556835014 26.5597029741 33.0642312625 33.067392379 42.6244312961 42.6316401312
#C 12 1.0 1.0 1.0 1.0 1.0 1.0 5.0 5.0 6.0 6.0 7.0 7.0 16.343869 18.329274 14.172946 18.857885 14.371035 14.172946 16.686968 10.214714 14.172946 12.002034 10.016614 14.172946 9.487999 13.974854 14.172946 11.658917 18.131193 14.172946 12.755506 16.404663 14.172946 15.590397 11.941225 14.172946 12.948938 11.829542 14.172946 11.531492 14.061252 14.172946 15.396946 16.516346 14.172946 16.814392 14.284636 14.172946
#R ./methane/box-8/ 2.84564681442 2.52663576874 2.53116976188 2.52937728131 19.064705387
#C 5 1.0 1.0 1.0 1.0 6.0 9.655369 7.558904 7.558901 6.860088 7.932399 9.499861 6.860082 5.691239 6.911885 6.86008 9.053073 6.264971 7.558904 7.558904 7.558904
#R ./5-7-7-5-6-6/box-20/ 3.89615546294 3.90063482367 3.74646566226 3.74354028154 3.74860169714 3.74640554222 23.592571959 23.5924269597 30.1853306201 30.187625899 40.1683894883 40.1749616656
#C 12 1.0 1.0 1.0 1.0 1.0 1.0 5.0 5.0 6.0 6.0 7.0 7.0 21.068184 23.053589 18.897261 23.5822 19.09535 18.897261 21.411283 14.93903 18.897261 16.72635 14.74093 18.897261 14.212315 18.699169 18.897261 16.383232 22.855508 18.897261 17.479821 21.128979 18.897261 20.314713 16.66554 18.897261 17.673254 16.553857 18.897261 16.255808 18.785567 18.897261 20.121261 21.240661 18.897261 21.538707 19.008952 18.897261
#R ./5-6-6-7-6-6/box-20/ 3.75172422195 3.82401236305 3.92241804295 3.81894019309 3.75664701094 3.70117169773 23.1723001782 30.2975540462 30.9855524582 30.9834135762 30.2995136288 40.2160504882
#C 12 1.0 1.0 1.0 1.0 1.0 1.0 5.0 6.0 6.0 6.0 6.0 7.0 21.068184 23.053589 18.897261 23.5822 19.09535 18.897261 21.411283 14.93903 18.897261 16.72635 14.74093 18.897261 14.212315 18.699169 18.897261 16.383232 22.855508 18.897261 17.479821 21.128979 18.897261 20.121261 21.240661 18.897261 21.538707 19.008952 18.897261 17.673254 16.553857 18.897261 16.255808 18.785567 18.897261 20.314713 16.66554 18.897261
#R ./CO-1.0/box-12/ 33.6505084718 20.6475936017
#C 2 8.0 6.0 12.28322 11.338357 11.338357 10.393494 11.338357 11.338357
#R ./CO-1.5/box-12/ 30.7468286935 17.4270884869
#C 2 8.0 6.0 12.755651 11.338357 11.338357 9.921062 11.338357 11.338357
#R ./5-7-6-7-5-6/box-12/ 5.35201158326 5.31352470347 5.37789065006 5.09317355002 5.15286895558 5.11085949865 30.3310612137 30.34457675 39.166306001 37.2598656499 47.504866541 47.5198874671
#C 12 1.0 1.0 1.0 1.0 1.0 1.0 5.0 5.0 6.0 6.0 7.0 7.0 13.50928 15.494685 11.338357 16.023296 11.536445 11.338357 13.852378 7.380125 11.338357 9.167445 7.182025 11.338357 6.65341 11.140264 11.338357 8.824327 15.296604 11.338357 9.920917 13.570074 11.338357 10.114349 8.994953 11.338357 13.979803 11.450047 11.338357 8.696903 11.226663 11.338357 12.562357 13.681757 11.338357 12.755808 9.106636 11.338357
#R ./N2-1.7/box-12/ 22.4262065271 22.4227370992
#C 2 7.0 7.0 9.73209 11.338357 11.338357 12.944624 11.338357 11.338357
#R ./CO-1.7/box-12/ 30.0430129351 16.6282283344
#C 2 8.0 6.0 12.944624 11.338357 11.338357 9.73209 11.338357 11.338357
#R ./methane/box-12/ 2.54074714279 2.18020020297 2.18453810344 2.18226219176 16.773906218
#C 5 1.0 1.0 1.0 1.0 6.0 13.434821 11.338357 11.338353 10.63954 11.711852 13.279313 10.639534 9.470691 10.691337 10.639532 12.832525 10.044423 11.338357 11.338357 11.338357
#R ./BF-1.0/box-8/ 44.8687394998 17.3024308107
#C 2 9.0 5.0 8.503768 7.558904 7.558904 6.614041 7.558904 7.558904
#R ./methane/box-20/ 2.41728874378 1.93569071463 1.94001637904 1.93878766371 15.5841195864
#C 5 1.0 1.0 1.0 1.0 6.0 20.993725 18.897261 18.897257 18.198444 19.270756 20.838218 18.198439 17.029596 18.250242 18.198437 20.39143 17.603328 18.897261 18.897261 18.897261
#R ./BF-0.8/box-12/ 44.0187091016 17.8161981066
#C 2 9.0 5.0 12.094247 11.338357 11.338357 10.582466 11.338357 11.338357
#R ./5-7-7-7-5-5/box-8/ 5.61272826852 5.68953419231 5.6466634859 5.29069715768 5.21497694638 5.30450026793 31.3797973136 31.4110645103 30.5629919231 50.0863884786 51.1351373509 50.1229270642
#C 12 1.0 1.0 1.0 1.0 1.0 1.0 5.0 5.0 5.0 7.0 7.0 7.0 9.729828 11.715232 7.558904 12.243844 7.756993 7.558904 10.072926 3.600673 7.558904 5.387993 3.402573 7.558904 2.873958 7.360812 7.558904 5.044875 11.517151 7.558904 6.141464 9.790622 7.558904 6.334897 5.2155 7.558904 4.917451 7.44721 7.558904 8.782905 9.902305 7.558904 10.20035 7.670595 7.558904 8.976356 5.327183 7.558904
#R ./CO-1.5/box-15/ 29.2786934152 16.3228214115
#C 2 8.0 6.0 15.590241 14.172946 14.172946 12.755651 14.172946 14.172946
#R ./BF-1.7/box-12/ 39.6522136255 12.2375267006
#C 2 9.0 5.0 12.944624 11.338357 11.338357 9.73209 11.338357 11.338357
#R ./5-7-5-7-6-6/box-8/ 5.94382746518 5.79853543841 6.02461943331 5.91480022085 5.85494247176 5.76804746127 33.9983100484 34.4616973244 43.1097849968 42.2907942901 52.0491856757 52.7246850597
#C 12 1.0 1.0 1.0 1.0 1.0 1.0 5.0 5.0 6.0 6.0 7.0 7.0 9.729828 11.715232 7.558904 12.243844 7.756993 7.558904 10.072926 3.600673 7.558904 5.387993 3.402573 7.558904 2.873958 7.360812 7.558904 5.044875 11.517151 7.558904 6.141464 9.790622 7.558904 10.20035 7.670595 7.558904 6.334897 5.2155 7.558904 4.917451 7.44721 7.558904 8.782905 9.902305 7.558904 8.976356 5.327183 7.558904
#R ./CO-1.0/box-15/ 32.208582853 19.5689614913
#C 2 8.0 6.0 15.117809 14.172946 14.172946 13.228083 14.172946 14.172946
#R ./N2-1.5/box-8/ 25.0197504525 25.009608815
#C 2 7.0 7.0 6.14161 7.558904 7.558904 8.976199 7.558904 7.558904
#R ./CO-1.7/box-15/ 28.5508333248 15.5044132899
#C 2 8.0 6.0 15.779213 14.172946 14.172946 12.566679 14.172946 14.172946
#R ./5-7-6-7-5-6/box-15/ 4.83323606461 4.8063244469 4.83302309849 4.57103805952 4.64138487199 4.5669532512 27.6054788397 27.6093545249 35.8985595138 33.9940114596 43.6715078865 43.6818225374
#C 12 1.0 1.0 1.0 1.0 1.0 1.0 5.0 5.0 6.0 6.0 7.0 7.0 16.343869 18.329274 14.172946 18.857885 14.371035 14.172946 16.686968 10.214714 14.172946 12.002034 10.016614 14.172946 9.487999 13.974854 14.172946 11.658917 18.131193 14.172946 12.755506 16.404663 14.172946 12.948938 11.829542 14.172946 16.814392 14.284636 14.172946 11.531492 14.061252 14.172946 15.396946 16.516346 14.172946 15.590397 11.941225 14.172946
#R ./methane/box-15/ 2.07602432418 2.07814020028 2.07379048225 2.07777659184 16.7144342555
#C 5 1.0 1.0 1.0 1.0 6.0 16.26941 14.172946 14.172942 13.474129 14.546441 16.113903 13.474123 12.30528 13.525926 13.474121 15.667115 12.879013 14.172946 14.172946 14.172946
#R ./5-7-6-5-7-6/box-8/ 5.97723661423 5.86926265765 5.80628365604 5.99718289487 5.88606162214 5.8009114949 34.1845614401 34.1976691557 42.6561049085 42.7098723971 52.4911528128 52.5695425954
#C 12 1.0 1.0 1.0 1.0 1.0 1.0 5.0 5.0 6.0 6.0 7.0 7.0 9.729828 11.715232 7.558904 12.243844 7.756993 7.558904 10.072926 3.600673 7.558904 5.387993 3.402573 7.558904 2.873958 7.360812 7.558904 5.044875 11.517151 7.558904 6.141464 9.790622 7.558904 8.976356 5.327183 7.558904 10.20035 7.670595 7.558904 4.917451 7.44721 7.558904 8.782905 9.902305 7.558904 6.334897 5.2155 7.558904
#R ./5-7-7-7-5-5/box-12/ 4.77505206569 4.86254659244 4.79881028491 4.43480294493 4.35461643335 4.45388100626 26.7840521726 26.7907153658 25.9264241797 43.71599878 44.7791830721 43.7258177591
#C 12 1.0 1.0 1.0 1.0 1.0 1.0 5.0 5.0 5.0 7.0 7.0 7.0 13.50928 15.494685 11.338357 16.023296 11.536445 11.338357 13.852378 7.380125 11.338357 9.167445 7.182025 11.338357 6.65341 11.140264 11.338357 8.824327 15.296604 11.338357 9.920917 13.570074 11.338357 10.114349 8.994953 11.338357 8.696903 11.226663 11.338357 12.562357 13.681757 11.338357 13.979803 11.450047 11.338357 12.755808 9.106636 11.338357
#R ./7-5-7-5-7-5/box-20/ 4.12805784431 4.25026511262 4.15301735995 4.24747331703 4.13272921987 4.26788684744 25.5136081931 25.5149758585 25.5158792195 40.3007203523 40.3011106409 40.3005437192
#C 12 1.0 1.0 1.0 1.0 1.0 1.0 5.0 5.0 5.0 7.0 7.0 7.0 21.068184 23.053589 18.897261 23.5822 19.09535 18.897261 21.411283 14.93903 18.897261 16.72635 14.74093 18.897261 14.212315 18.699169 18.897261 16.383232 22.855508 18.897261 20.121261 21.240661 18.897261 20.314713 16.66554 18.897261 16.255808 18.785567 18.897261 17.479821 21.128979 18.897261 21.538707 19.008952 18.897261 17.673254 16.553857 18.897261
#R ./5-7-6-7-5-6/box-20/ 4.31359686964 4.30690858751 4.33497500187 4.11725626482 4.14704895133 4.14092619685 25.3307057025 25.3319667012 33.2293904866 31.5848039099 40.9602145662 40.9643505777
#C 12 1.0 1.0 1.0 1.0 1.0 1.0 5.0 5.0 6.0 6.0 7.0 7.0 21.068184 23.053589 18.897261 23.5822 19.09535 18.897261 21.411283 14.93903 18.897261 16.72635 14.74093 18.897261 14.212315 18.699169 18.897261 16.383232 22.855508 18.897261 17.479821 21.128979 18.897261 17.673254 16.553857 18.897261 21.538707 19.008952 18.897261 16.255808 18.785567 18.897261 20.121261 21.240661 18.897261 20.314713 16.66554 18.897261
#R ./BF-1.0/box-12/ 42.5789265378 16.0023190469
#C 2 9.0 5.0 12.28322 11.338357 11.338357 10.393494 11.338357 11.338357
#R ./5-7-7-7-5-5/box-15/ 4.54066357749 4.64592221569 4.53957153114 4.20647049723 4.12719348525 4.20231205227 25.5951301395 25.5985003078 24.7219669527 42.158899332 43.1882599311 42.1637455806
#C 12 1.0 1.0 1.0 1.0 1.0 1.0 5.0 5.0 5.0 7.0 7.0 7.0 16.343869 18.329274 14.172946 18.857885 14.371035 14.172946 16.686968 10.214714 14.172946 12.002034 10.016614 14.172946 9.487999 13.974854 14.172946 11.658917 18.131193 14.172946 12.755506 16.404663 14.172946 12.948938 11.829542 14.172946 11.531492 14.061252 14.172946 15.396946 16.516346 14.172946 16.814392 14.284636 14.172946 15.590397 11.941225 14.172946
#R ./BF-1.7/box-15/ 38.753280181 11.7417589517
#C 2 9.0 5.0 15.779213 14.172946 14.172946 12.566679 14.172946 14.172946
#R ./N2-1.7/box-15/ 21.7098418738 21.7078562873
#C 2 7.0 7.0 12.566679 14.172946 14.172946 15.779213 14.172946 14.172946
#R ./N2-0.8/box-8/ 30.2562594709 30.251675869
#C 2 7.0 7.0 6.803014 7.558904 7.558904 8.314795 7.558904 7.558904
#R ./BF-0.8/box-15/ 43.1127345022 17.3002523144
#C 2 9.0 5.0 14.928836 14.172946 14.172946 13.417055 14.172946 14.172946
#R ./5-7-5-7-6-6/box-20/ 4.26854399641 4.12422648751 4.32665981518 4.22558045741 4.16255966712 4.09945213008 25.0780741345 25.5270038786 32.5002677101 31.6901389303 39.9497157074 40.4911331538
#C 12 1.0 1.0 1.0 1.0 1.0 1.0 5.0 5.0 6.0 6.0 7.0 7.0 21.068184 23.053589 18.897261 23.5822 19.09535 18.897261 21.411283 14.93903 18.897261 16.72635 14.74093 18.897261 14.212315 18.699169 18.897261 16.383232 22.855508 18.897261 17.479821 21.128979 18.897261 21.538707 19.008952 18.897261 17.673254 16.553857 18.897261 16.255808 18.785567 18.897261 20.121261 21.240661 18.897261 20.314713 16.66554 18.897261
#R ./5-7-6-6-7-5/box-8/ 5.97240409695 5.91992835685 5.96344820513 5.98724647455 5.72833907945 5.74176506686 33.6310812186 33.6530892972 43.2173698362 43.2712055187 52.4807947885 52.5539056901
#C 12 1.0 1.0 1.0 1.0 1.0 1.0 5.0 5.0 6.0 6.0 7.0 7.0 9.729828 11.715232 7.558904 12.243844 7.756993 7.558904 10.072926 3.600673 7.558904 5.387993 3.402573 7.558904 2.873958 7.360812 7.558904 5.044875 11.517151 7.558904 6.141464 9.790622 7.558904 4.917451 7.44721 7.558904 10.20035 7.670595 7.558904 8.976356 5.327183 7.558904 8.782905 9.902305 7.558904 6.334897 5.2155 7.558904
#R ./5-7-5-7-6-6/box-12/ 5.29635056402 5.15150599548 5.37248849038 5.25559884415 5.20532311 5.10555177072 30.3087253753 30.7882649918 38.6338654666 37.8253998503 46.8475998798 47.4922853448
#C 12 1.0 1.0 1.0 1.0 1.0 1.0 5.0 5.0 6.0 6.0 7.0 7.0 13.50928 15.494685 11.338357 16.023296 11.536445 11.338357 13.852378 7.380125 11.338357 9.167445 7.182025 11.338357 6.65341 11.140264 11.338357 8.824327 15.296604 11.338357 9.920917 13.570074 11.338357 13.979803 11.450047 11.338357 10.114349 8.994953 11.338357 8.696903 11.226663 11.338357 12.562357 13.681757 11.338357 12.755808 9.106636 11.338357
#R ./6-6-6-6-6-6/box-8/ 5.87784311686 5.87429476804 5.9121108929 5.89785976964 5.89153315187 5.90683130589 42.7583258504 42.7314212219 42.7070090079 42.7737117637 42.7991824904 42.7619622168
#C 12 1.0 1.0 1.0 1.0 1.0 1.0 6.0 6.0 6.0 6.0 6.0 6.0 9.729828 11.715232 7.558904 12.243844 7.756993 7.558904 10.072926 3.600673 7.558904 5.387993 3.402573 7.558904 2.873958 7.360812 7.558904 5.044875 11.517151 7.558904 6.141464 9.790622 7.558904 8.782905 9.902305 7.558904 10.20035 7.670595 7.558904 8.976356 5.327183 7.558904 6.334897 5.2155 7.558904 4.917451 7.44721 7.558904
#R ./N2-1.5/box-12/ 23.2362045692 23.2332956458
#C 2 7.0 7.0 9.921062 11.338357 11.338357 12.755651 11.338357 11.338357
#R ./5-7-5-6-7-6/box-8/ 5.92565644879 5.75363773046 5.91158543272 6.02186147489 5.89371571096 5.78352265186 34.0692269358 34.0543066116 42.7549204085 42.7564734353 51.9207799483 53.0516825354
#C 12 1.0 1.0 1.0 1.0 1.0 1.0 5.0 5.0 6.0 6.0 7.0 7.0 9.729828 11.715232 7.558904 12.243844 7.756993 7.558904 10.072926 3.600673 7.558904 5.387993 3.402573 7.558904 2.873958 7.360812 7.558904 5.044875 11.517151 7.558904 6.141464 9.790622 7.558904 10.20035 7.670595 7.558904 8.976356 5.327183 7.558904 4.917451 7.44721 7.558904 8.782905 9.902305 7.558904 6.334897 5.2155 7.558904
#R ./5-7-6-5-7-6/box-12/ 5.32466831575 5.23016906471 5.1405500172 5.33126871432 5.23536408662 5.13881197529 30.4600546393 30.464591306 38.2148004683 38.232024667 47.2992463559 47.3253024099
#C 12 1.0 1.0 1.0 1.0 1.0 1.0 5.0 5.0 6.0 6.0 7.0 7.0 13.50928 15.494685 11.338357 16.023296 11.536445 11.338357 13.852378 7.380125 11.338357 9.167445 7.182025 11.338357 6.65341 11.140264 11.338357 8.824327 15.296604 11.338357 9.920917 13.570074 11.338357 12.755808 9.106636 11.338357 13.979803 11.450047 11.338357 8.696903 11.226663 11.338357 12.562357 13.681757 11.338357 10.114349 8.994953 11.338357
#R ./6-6-6-6-6-6/box-12/ 5.22568486767 5.21935730125 5.26010171582 5.23202008599 5.22442175368 5.25849763305 38.8720520662 38.8583135918 38.8495884454 38.8770052059 38.8796739201 38.8663173304
#C 12 1.0 1.0 1.0 1.0 1.0 1.0 6.0 6.0 6.0 6.0 6.0 6.0 13.50928 15.494685 11.338357 16.023296 11.536445 11.338357 13.852378 7.380125 11.338357 9.167445 7.182025 11.338357 6.65341 11.140264 11.338357 8.824327 15.296604 11.338357 9.920917 13.570074 11.338357 12.562357 13.681757 11.338357 13.979803 11.450047 11.338357 12.755808 9.106636 11.338357 10.114349 8.994953 11.338357 8.696903 11.226663 11.338357
#R ./5-7-6-6-6-6/box-8/ 5.97849942514 5.91221394382 5.91889070359 5.87260294327 5.84729261688 5.77907225116 34.0566815513 43.1243239482 42.7969309615 42.6594490762 42.2084831154 52.5846298838
#C 12 1.0 1.0 1.0 1.0 1.0 1.0 5.0 6.0 6.0 6.0 6.0 7.0 9.729828 11.715232 7.558904 12.243844 7.756993 7.558904 10.072926 3.600673 7.558904 5.387993 3.402573 7.558904 2.873958 7.360812 7.558904 5.044875 11.517151 7.558904 6.141464 9.790622 7.558904 10.20035 7.670595 7.558904 8.976356 5.327183 7.558904 6.334897 5.2155 7.558904 4.917451 7.44721 7.558904 8.782905 9.902305 7.558904
#R ./5-7-5-7-6-6/box-15/ 5.00904049512 4.88265438297 5.06029544823 4.97496538468 4.92771554858 4.80227567428 28.8142081434 29.2866283493 36.8621753767 36.0248999773 44.796906704 45.4156076813
#C 12 1.0 1.0 1.0 1.0 1.0 1.0 5.0 5.0 6.0 6.0 7.0 7.0 16.343869 18.329274 14.172946 18.857885 14.371035 14.172946 16.686968 10.214714 14.172946 12.002034 10.016614 14.172946 9.487999 13.974854 14.172946 11.658917 18.131193 14.172946 12.755506 16.404663 14.172946 16.814392 14.284636 14.172946 12.948938 11.829542 14.172946 11.531492 14.061252 14.172946 15.396946 16.516346 14.172946 15.590397 11.941225 14.172946
#R ./6-6-6-6-6-6/box-15/ 4.94356934306 4.9577314917 4.93906857745 4.94717995575 4.96059018856 4.93817926022 36.5522896135 36.5509016159 36.5416649504 36.555140018 36.563125723 36.5511577215
#C 12 1.0 1.0 1.0 1.0 1.0 1.0 6.0 6.0 6.0 6.0 6.0 6.0 16.343869 18.329274 14.172946 18.857885 14.371035 14.172946 16.686968 10.214714 14.172946 12.002034 10.016614 14.172946 9.487999 13.974854 14.172946 11.658917 18.131193 14.172946 12.755506 16.404663 14.172946 15.396946 16.516346 14.172946 16.814392 14.284636 14.172946 15.590397 11.941225 14.172946 12.948938 11.829542 14.172946 11.531492 14.061252 14.172946
#R ./N2-0.8/box-12/ 28.4009454888 28.3997039035
#C 2 7.0 7.0 10.582466 11.338357 11.338357 12.094247 11.338357 11.338357
#R ./5-7-6-5-6-7/box-8/ 5.96830352864 5.86037104299 5.76307423989 5.86959412841 5.9971172875 5.83478522899 34.5389703896 33.7540930966 42.5405163928 42.6292506053 52.548579391 52.635082559
#C 12 1.0 1.0 1.0 1.0 1.0 1.0 5.0 5.0 6.0 6.0 7.0 7.0 9.729828 11.715232 7.558904 12.243844 7.756993 7.558904 10.072926 3.600673 7.558904 5.387993 3.402573 7.558904 2.873958 7.360812 7.558904 5.044875 11.517151 7.558904 6.141464 9.790622 7.558904 8.976356 5.327183 7.558904 10.20035 7.670595 7.558904 6.334897 5.2155 7.558904 8.782905 9.902305 7.558904 4.917451 7.44721 7.558904
#R ./BF-1.0/box-15/ 41.6676043269 15.4928231025
#C 2 9.0 5.0 15.117809 14.172946 14.172946 13.228083 14.172946 14.172946
#R ./5-7-7-7-5-5/box-20/ 4.32913514481 4.42322883747 4.35045943977 4.0420079286 3.95779540971 4.06555976121 24.7824897721 24.7836642277 24.0311506289 41.2620579432 42.3586431457 41.2660662086
#C 12 1.0 1.0 1.0 1.0 1.0 1.0 5.0 5.0 5.0 7.0 7.0 7.0 21.068184 23.053589 18.897261 23.5822 19.09535 18.897261 21.411283 14.93903 18.897261 16.72635 14.74093 18.897261 14.212315 18.699169 18.897261 16.383232 22.855508 18.897261 17.479821 21.128979 18.897261 17.673254 16.553857 18.897261 16.255808 18.785567 18.897261 20.121261 21.240661 18.897261 21.538707 19.008952 18.897261 20.314713 16.66554 18.897261
#R ./6-6-6-6-6-6/box-20/ 3.78688777576 3.79191401458 3.81755256224 3.78680540659 3.79181982389 3.81747781825 30.6516250217 30.6501972158 30.6522118469 30.6515583222 30.6498884361 30.65196122
#C 12 1.0 1.0 1.0 1.0 1.0 1.0 6.0 6.0 6.0 6.0 6.0 6.0 21.068184 23.053589 18.897261 23.5822 19.09535 18.897261 21.411283 14.93903 18.897261 16.72635 14.74093 18.897261 14.212315 18.699169 18.897261 16.383232 22.855508 18.897261 17.479821 21.128979 18.897261 20.121261 21.240661 18.897261 21.538707 19.008952 18.897261 20.314713 16.66554 18.897261 17.673254 16.553857 18.897261 16.255808 18.785567 18.897261
#R ./5-7-6-6-7-5/box-12/ 5.32386512893 5.28354807799 5.3056307599 5.32946822633 5.06943036394 5.08209893316 29.9233131399 29.9322267291 38.7738745286 38.7893303763 47.28377432 47.3076080444
#C 12 1.0 1.0 1.0 1.0 1.0 1.0 5.0 5.0 6.0 6.0 7.0 7.0 13.50928 15.494685 11.338357 16.023296 11.536445 11.338357 13.852378 7.380125 11.338357 9.167445 7.182025 11.338357 6.65341 11.140264 11.338357 8.824327 15.296604 11.338357 9.920917 13.570074 11.338357 8.696903 11.226663 11.338357 13.979803 11.450047 11.338357 12.755808 9.106636 11.338357 12.562357 13.681757 11.338357 10.114349 8.994953 11.338357
#R ./N2-1.5/box-20/ 21.3035723789 21.3032601406
#C 2 7.0 7.0 17.479967 18.897261 18.897261 20.314556 18.897261 18.897261
#R ./N2-1.7/box-20/ 21.4872874065 21.4865067811
#C 2 7.0 7.0 17.290994 18.897261 18.897261 20.503528 18.897261 18.897261
#R ./5-7-6-5-7-6/box-15/ 4.80315411241 4.71739672586 4.59434832404 4.80622805531 4.71984042673 4.59361463116 27.7191757162 27.72112526 34.9264620373 34.9345558107 43.4754059111 43.4875129857
#C 12 1.0 1.0 1.0 1.0 1.0 1.0 5.0 5.0 6.0 6.0 7.0 7.0 16.343869 18.329274 14.172946 18.857885 14.371035 14.172946 16.686968 10.214714 14.172946 12.002034 10.016614 14.172946 9.487999 13.974854 14.172946 11.658917 18.131193 14.172946 12.755506 16.404663 14.172946 15.590397 11.941225 14.172946 16.814392 14.284636 14.172946 11.531492 14.061252 14.172946 15.396946 16.516346 14.172946 12.948938 11.829542 14.172946
#R ./5-7-5-6-7-6/box-12/ 5.27812953954 5.10751559232 5.26012859454 5.36647674255 5.24255132225 5.12277888805 30.3766385389 30.3679037906 38.2696802996 38.2741389231 46.7356116578 47.8144183131
#C 12 1.0 1.0 1.0 1.0 1.0 1.0 5.0 5.0 6.0 6.0 7.0 7.0 13.50928 15.494685 11.338357 16.023296 11.536445 11.338357 13.852378 7.380125 11.338357 9.167445 7.182025 11.338357 6.65341 11.140264 11.338357 8.824327 15.296604 11.338357 9.920917 13.570074 11.338357 13.979803 11.450047 11.338357 12.755808 9.106636 11.338357 8.696903 11.226663 11.338357 12.562357 13.681757 11.338357 10.114349 8.994953 11.338357
#R ./CO-2/box-8/ 34.9670639219 18.417964881
#C 2 8.0 6.0 9.448631 7.558904 7.558904 5.669178 7.558904 7.558904
#R ./5-7-6-5-7-6/box-20/ 4.76850965161 4.71005574361 4.66902322508 4.76991651076 4.71113908752 4.66858723932 28.2194359631 28.220360511 36.1633306323 36.1670550689 46.0096488913 46.0152497889
#C 12 1.0 1.0 1.0 1.0 1.0 1.0 5.0 5.0 6.0 6.0 7.0 7.0 21.068184 23.053589 18.897261 23.5822 19.09535 18.897261 21.411283 14.93903 18.897261 16.72635 14.74093 18.897261 14.212315 18.699169 18.897261 16.383232 22.855508 18.897261 17.479821 21.128979 18.897261 20.314713 16.66554 18.897261 21.538707 19.008952 18.897261 16.255808 18.785567 18.897261 20.121261 21.240661 18.897261 17.673254 16.553857 18.897261
#R ./5-7-6-6-7-5/box-15/ 4.55763381162 4.53068526931 4.51540053291 4.55925190943 4.31186919649 4.29387117094 25.9996781846 26.0029028268 34.0806611203 34.0853856998 41.8470078553 41.8546291353
#C 12 1.0 1.0 1.0 1.0 1.0 1.0 5.0 5.0 6.0 6.0 7.0 7.0 16.343869 18.329274 14.172946 18.857885 14.371035 14.172946 16.686968 10.214714 14.172946 12.002034 10.016614 14.172946 9.487999 13.974854 14.172946 11.658917 18.131193 14.172946 12.755506 16.404663 14.172946 11.531492 14.061252 14.172946 16.814392 14.284636 14.172946 15.590397 11.941225 14.172946 15.396946 16.516346 14.172946 12.948938 11.829542 14.172946
#R ./N2-1.5/box-15/ 22.5633846896 22.5616638526
#C 2 7.0 7.0 12.755651 14.172946 14.172946 15.590241 14.172946 14.172946
#R ./5-6-7-6-6-6/box-8/ 5.86178147898 6.01955132046 5.9584703218 5.87877523218 5.83894407223 5.74105519694 33.6552027706 42.655432307 43.2443963698 42.7472800555 42.12854334 53.0908970897
#C 12 1.0 1.0 1.0 1.0 1.0 1.0 5.0 6.0 6.0 6.0 6.0 7.0 9.729828 11.715232 7.558904 12.243844 7.756993 7.558904 10.072926 3.600673 7.558904 5.387993 3.402573 7.558904 2.873958 7.360812 7.558904 5.044875 11.517151 7.558904 6.141464 9.790622 7.558904 8.782905 9.902305 7.558904 8.976356 5.327183 7.558904 6.334897 5.2155 7.558904 4.917451 7.44721 7.558904 10.20035 7.670595 7.558904
#R ./5-7-6-6-6-6/box-12/ 5.33661364701 5.27258076895 5.26147786304 5.21284012698 5.19326300662 5.12332356382 30.3700258346 38.6955847934 38.3315304852 38.1882015527 37.7444864982 47.3946992053
#C 12 1.0 1.0 1.0 1.0 1.0 1.0 5.0 6.0 6.0 6.0 6.0 7.0 13.50928 15.494685 11.338357 16.023296 11.536445 11.338357 13.852378 7.380125 11.338357 9.167445 7.182025 11.338357 6.65341 11.140264 11.338357 8.824327 15.296604 11.338357 9.920917 13.570074 11.338357 13.979803 11.450047 11.338357 12.755808 9.106636 11.338357 10.114349 8.994953 11.338357 8.696903 11.226663 11.338357 12.562357 13.681757 11.338357
#R ./5-7-6-6-6-6/box-15/ 4.40889727233 4.35421695485 4.30240889782 4.28159414652 4.27019141836 4.17495159358 25.6364042834 33.1032347577 32.7082861865 32.61969044 32.1420723687 41.065245031
#C 12 1.0 1.0 1.0 1.0 1.0 1.0 5.0 6.0 6.0 6.0 6.0 7.0 16.343869 18.329274 14.172946 18.857885 14.371035 14.172946 16.686968 10.214714 14.172946 12.002034 10.016614 14.172946 9.487999 13.974854 14.172946 11.658917 18.131193 14.172946 12.755506 16.404663 14.172946 16.814392 14.284636 14.172946 15.590397 11.941225 14.172946 12.948938 11.829542 14.172946 11.531492 14.061252 14.172946 15.396946 16.516346 14.172946
#R ./N2-0.8/box-15/ 27.6863086765 27.6852871779
#C 2 7.0 7.0 13.417055 14.172946 14.172946 14.928836 14.172946 14.172946
#R ./HCN/box-8/ 2.84091028474 21.2064446107 26.1939694766
#C 3 1.0 6.0 7.0 5.98199 7.698837 6.237175 7.511357 7.563124 7.519052 9.183366 7.414752 8.920486
#R ./5-6-7-6-6-6/box-12/ 5.21844952938 5.38480839635 5.30628561489 5.22347292136 5.17887280762 5.0861111769 29.9624386126 38.2044869338 38.7894717417 38.262970085 37.6736262331 47.9276325477
#C 12 1.0 1.0 1.0 1.0 1.0 1.0 5.0 6.0 6.0 6.0 6.0 7.0 13.50928 15.494685 11.338357 16.023296 11.536445 11.338357 13.852378 7.380125 11.338357 9.167445 7.182025 11.338357 6.65341 11.140264 11.338357 8.824327 15.296604 11.338357 9.920917 13.570074 11.338357 12.562357 13.681757 11.338357 12.755808 9.106636 11.338357 10.114349 8.994953 11.338357 8.696903 11.226663 11.338357 13.979803 11.450047 11.338357
#R ./5-7-6-5-6-7/box-12/ 5.33773062494 5.21378287521 5.10321419824 5.21789479787 5.34630100107 5.18449406723 30.8555854978 30.0503605171 38.1259922747 38.1415923416 47.367174159 47.3995945643
#C 12 1.0 1.0 1.0 1.0 1.0 1.0 5.0 5.0 6.0 6.0 7.0 7.0 13.50928 15.494685 11.338357 16.023296 11.536445 11.338357 13.852378 7.380125 11.338357 9.167445 7.182025 11.338357 6.65341 11.140264 11.338357 8.824327 15.296604 11.338357 9.920917 13.570074 11.338357 12.755808 9.106636 11.338357 13.979803 11.450047 11.338357 10.114349 8.994953 11.338357 12.562357 13.681757 11.338357 8.696903 11.226663 11.338357
#R ./acetylene/box-8/ 2.82808934327 2.82421494392 19.9145551883 19.9051641732
#C 4 1.0 1.0 6.0 6.0 5.288557 7.369242 5.406408 9.829252 7.748567 9.711401 6.649187 7.482907 6.696411 8.468622 7.634902 8.421398
#R ./5-7-6-7-6-5/box-8/ 6.08527382178 6.05778066111 6.16718758883 5.97004210784 5.78929181274 5.81991899337 34.0999941426 33.8059134456 44.3486698567 43.3067822367 53.4274675736 54.079590948
#C 12 1.0 1.0 1.0 1.0 1.0 1.0 5.0 5.0 6.0 6.0 7.0 7.0 9.729828 11.715232 7.558904 12.243844 7.756993 7.558904 10.072926 3.600673 7.558904 5.387993 3.402573 7.558904 2.873958 7.360812 7.558904 5.044875 11.517151 7.558904 6.141464 9.790622 7.558904 4.917451 7.44721 7.558904 10.20035 7.670595 7.558904 6.334897 5.2155 7.558904 8.782905 9.902305 7.558904 8.976356 5.327183 7.558904
#R ./5-7-5-6-7-6/box-15/ 4.99209139584 4.83734729964 4.95081352032 5.08380085226 4.96806959572 4.82081154199 28.8836644268 28.8788955472 36.4757909873 36.4779484524 44.6987147871 45.7762583501
#C 12 1.0 1.0 1.0 1.0 1.0 1.0 5.0 5.0 6.0 6.0 7.0 7.0 16.343869 18.329274 14.172946 18.857885 14.371035 14.172946 16.686968 10.214714 14.172946 12.002034 10.016614 14.172946 9.487999 13.974854 14.172946 11.658917 18.131193 14.172946 12.755506 16.404663 14.172946 16.814392 14.284636 14.172946 15.590397 11.941225 14.172946 11.531492 14.061252 14.172946 15.396946 16.516346 14.172946 12.948938 11.829542 14.172946
#R ./CO-2/box-12/ 31.8647634727 16.5340436251
#C 2 8.0 6.0 13.228083 11.338357 11.338357 9.448631 11.338357 11.338357
#R ./5-6-7-6-6-6/box-20/ 3.78455064396 3.89261433344 3.85618043886 3.78553176432 3.75019672431 3.70823918164 23.2619562916 30.6316999543 31.0788099036 30.6407164363 30.2002907896 40.0842070033
#C 12 1.0 1.0 1.0 1.0 1.0 1.0 5.0 6.0 6.0 6.0 6.0 7.0 21.068184 23.053589 18.897261 23.5822 19.09535 18.897261 21.411283 14.93903 18.897261 16.72635 14.74093 18.897261 14.212315 18.699169 18.897261 16.383232 22.855508 18.897261 17.479821 21.128979 18.897261 20.121261 21.240661 18.897261 20.314713 16.66554 18.897261 17.673254 16.553857 18.897261 16.255808 18.785567 18.897261 21.538707 19.008952 18.897261
#R ./HCN/box-20/ 2.06957437659 17.9623503524 23.8900551173
#C 3 1.0 6.0 7.0 17.320347 19.037194 17.575532 18.849714 18.901481 18.857409 20.521723 18.753109 20.258843
#R ./5-7-6-5-6-7/box-15/ 4.56334911641 4.45394140312 4.31085476414 4.44082938064 4.58032005586 4.39819829083 26.9294772162 26.1018634389 33.4144809191 33.4231833086 41.9096157045 41.9172210543
#C 12 1.0 1.0 1.0 1.0 1.0 1.0 5.0 5.0 6.0 6.0 7.0 7.0 16.343869 18.329274 14.172946 18.857885 14.371035 14.172946 16.686968 10.214714 14.172946 12.002034 10.016614 14.172946 9.487999 13.974854 14.172946 11.658917 18.131193 14.172946 12.755506 16.404663 14.172946 15.590397 11.941225 14.172946 16.814392 14.284636 14.172946 12.948938 11.829542 14.172946 15.396946 16.516346 14.172946 11.531492 14.061252 14.172946
#R ./5-7-5-7-7-5/box-8/ 5.93157324133 5.80440793575 6.06830273077 6.02932346471 5.73493274463 5.7254833402 33.5520538815 34.541411833 33.7203674784 51.9193636205 53.2346144773 53.035964569
#C 12 1.0 1.0 1.0 1.0 1.0 1.0 5.0 5.0 5.0 7.0 7.0 7.0 9.729828 11.715232 7.558904 12.243844 7.756993 7.558904 10.072926 3.600673 7.558904 5.387993 3.402573 7.558904 2.873958 7.360812 7.558904 5.044875 11.517151 7.558904 6.141464 9.790622 7.558904 10.20035 7.670595 7.558904 4.917451 7.44721 7.558904 8.782905 9.902305 7.558904 8.976356 5.327183 7.558904 6.334897 5.2155 7.558904
#R ./5-7-5-7-7-5/box-12/ 4.98494654822 4.86650683532 5.11654785827 5.06960353915 4.7843585194 4.76840737615 28.3557139185 29.3506332671 28.4891707013 44.6505559404 45.8857813444 45.7040269025
#C 12 1.0 1.0 1.0 1.0 1.0 1.0 5.0 5.0 5.0 7.0 7.0 7.0 13.50928 15.494685 11.338357 16.023296 11.536445 11.338357 13.852378 7.380125 11.338357 9.167445 7.182025 11.338357 6.65341 11.140264 11.338357 8.824327 15.296604 11.338357 9.920917 13.570074 11.338357 13.979803 11.450047 11.338357 8.696903 11.226663 11.338357 12.562357 13.681757 11.338357 12.755808 9.106636 11.338357 10.114349 8.994953 11.338357
#R ./acetylene/box-15/ 2.51918549922 2.51848626134 17.863560691 17.8618705731
#C 4 1.0 1.0 6.0 6.0 11.902599 13.983284 12.02045 16.443293 14.362608 16.325442 13.263228 14.096949 13.310452 15.082664 14.248943 15.03544
#R ./5-6-7-6-6-6/box-15/ 4.4600773209 4.63512866883 4.52218613552 4.46152433246 4.42459986131 4.30501504856 26.0608903223 33.5456481189 34.1109588682 33.5970892882 33.0162462226 42.5277540074
#C 12 1.0 1.0 1.0 1.0 1.0 1.0 5.0 6.0 6.0 6.0 6.0 7.0 16.343869 18.329274 14.172946 18.857885 14.371035 14.172946 16.686968 10.214714 14.172946 12.002034 10.016614 14.172946 9.487999 13.974854 14.172946 11.658917 18.131193 14.172946 12.755506 16.404663 14.172946 15.396946 16.516346 14.172946 15.590397 11.941225 14.172946 12.948938 11.829542 14.172946 11.531492 14.061252 14.172946 16.814392 14.284636 14.172946
#R ./ethylene/box-8/ 3.22717671547 3.22314626106 3.21746369367 3.22333188477 23.0040015169 22.9885053614
#C 6 1.0 1.0 1.0 1.0 6.0 6.0 4.840433 8.391499 7.026722 6.968125 6.44986 4.953617 8.149684 8.667949 10.164192 10.277376 6.72631 8.091087 6.649187 7.482907 6.696411 8.468622 7.634902 8.421398
#R ./HCN/box-12/ 2.59946763571 19.655819607 24.4216901428
#C 3 1.0 6.0 7.0 9.761443 11.478289 10.016627 11.290809 11.342577 11.298504 12.962818 11.194205 12.699938
#R ./CO-1.5/box-20/ 28.6319832576 15.8361410206
#C 2 8.0 6.0 20.314556 18.897261 18.897261 17.479967 18.897261 18.897261
#R ./BF-1.2/box-8/ 43.7345307934 15.8647757325
#C 2 9.0 5.0 8.69274 7.558904 7.558904 6.425069 7.558904 7.558904
#R ./acetylene/box-12/ 2.60073185938 2.59953536696 18.3582545813 18.3553645914
#C 4 1.0 1.0 6.0 6.0 9.06801 11.148694 9.18586 13.608704 11.528019 13.490853 10.428639 11.26236 10.475863 12.248075 11.414354 12.20085
#R ./5-7-6-6-7-5/box-20/ 4.39551322902 4.35589052883 4.37447543966 4.39623457091 4.13594021172 4.15315204469 25.1587516907 25.1600261324 33.0694022365 33.0709907023 40.6672633786 40.6703380796
#C 12 1.0 1.0 1.0 1.0 1.0 1.0 5.0 5.0 6.0 6.0 7.0 7.0 21.068184 23.053589 18.897261 23.5822 19.09535 18.897261 21.411283 14.93903 18.897261 16.72635 14.74093 18.897261 14.212315 18.699169 18.897261 16.383232 22.855508 18.897261 17.479821 21.128979 18.897261 16.255808 18.785567 18.897261 21.538707 19.008952 18.897261 20.314713 16.66554 18.897261 20.121261 21.240661 18.897261 17.673254 16.553857 18.897261
#R ./5-7-6-7-6-5/box-12/ 5.33952587585 5.3246740875 5.41681940283 5.21600119388 5.03111058668 5.06739161215 29.8722905328 29.5421975225 39.2434308047 38.1582072726 47.3926932118 48.0329262206
#C 12 1.0 1.0 1.0 1.0 1.0 1.0 5.0 5.0 6.0 6.0 7.0 7.0 13.50928 15.494685 11.338357 16.023296 11.536445 11.338357 13.852378 7.380125 11.338357 9.167445 7.182025 11.338357 6.65341 11.140264 11.338357 8.824327 15.296604 11.338357 9.920917 13.570074 11.338357 8.696903 11.226663 11.338357 13.979803 11.450047 11.338357 10.114349 8.994953 11.338357 12.562357 13.681757 11.338357 12.755808 9.106636 11.338357
#R ./BF-1.7/box-20/ 37.8443067556 11.2295698696
#C 2 9.0 5.0 20.503528 18.897261 18.897261 17.290994 18.897261 18.897261
#R ./5-6-7-7-6-5/box-8/ 5.86956643904 6.06345402148 6.10619442355 5.87939919685 5.68076255755 5.68989131649 33.1675131416 33.1830815636 42.6548178386 42.6907907951 53.6934041251 53.7398607935
#C 12 1.0 1.0 1.0 1.0 1.0 1.0 5.0 5.0 6.0 6.0 7.0 7.0 9.729828 11.715232 7.558904 12.243844 7.756993 7.558904 10.072926 3.600673 7.558904 5.387993 3.402573 7.558904 2.873958 7.360812 7.558904 5.044875 11.517151 7.558904 6.141464 9.790622 7.558904 4.917451 7.44721 7.558904 8.782905 9.902305 7.558904 6.334897 5.2155 7.558904 10.20035 7.670595 7.558904 8.976356 5.327183 7.558904
#R ./N2-0.8/box-20/ 27.2613571107 27.2613951225
#C 2 7.0 7.0 18.141371 18.897261 18.897261 19.653152 18.897261 18.897261
#R ./NN-2/box-8/ 25.9264987082 25.5594442975
#C 2 7.0 7.0 5.669178 7.558904 7.558904 9.448631 7.558904 7.558904
#R ./CO-2/box-15/ 28.4030895545 15.083310144
#C 2 8.0 6.0 16.062672 14.172946 14.172946 12.28322 14.172946 14.172946
#R ./5-7-5-6-7-6/box-20/ 4.35214024323 4.18436626213 4.32004974086 4.43567542806 4.30207071887 4.20292499475 25.6211136991 25.6204642879 32.6410296409 32.6410520496 40.2569301897 41.3255039303
#C 12 1.0 1.0 1.0 1.0 1.0 1.0 5.0 5.0 6.0 6.0 7.0 7.0 21.068184 23.053589 18.897261 23.5822 19.09535 18.897261 21.411283 14.93903 18.897261 16.72635 14.74093 18.897261 14.212315 18.699169 18.897261 16.383232 22.855508 18.897261 17.479821 21.128979 18.897261 21.538707 19.008952 18.897261 20.314713 16.66554 18.897261 16.255808 18.785567 18.897261 20.121261 21.240661 18.897261 17.673254 16.553857 18.897261
#R ./ethylene/box-15/ 2.81655138037 2.82030352943 2.81924991686 2.81591134269 20.6070277263 20.6042153953
#C 6 1.0 1.0 1.0 1.0 6.0 6.0 11.454475 15.00554 13.640763 13.582167 13.063902 11.567658 14.763725 15.28199 16.778234 16.891417 13.340352 14.705129 13.263228 14.096949 13.310452 15.082664 14.248943 15.03544
#R ./HCN/box-15/ 2.42233934522 18.5493216151 23.1353200019
#C 3 1.0 6.0 7.0 12.596032 14.312878 12.851217 14.125399 14.177166 14.133094 15.797407 14.028794 15.534528
#R ./ethylene/box-12/ 2.94163253566 2.93663800863 2.93492029039 2.94050771035 21.4167429926 21.4121127
#C 6 1.0 1.0 1.0 1.0 6.0 6.0 8.619886 12.170951 10.806174 10.747577 10.229312 8.733069 11.929136 12.447401 13.943645 14.056828 10.505762 11.87054 10.428639 11.26236 10.475863 12.248075 11.414354 12.20085
#R ./5-7-6-7-6-5/box-15/ 4.82209637487 4.81756330717 4.87205348844 4.69407940988 4.51968596151 4.52524644606 27.1685087957 26.8197375462 35.9861735016 34.9088663614 43.6178677224 44.2273261128
#C 12 1.0 1.0 1.0 1.0 1.0 1.0 5.0 5.0 6.0 6.0 7.0 7.0 16.343869 18.329274 14.172946 18.857885 14.371035 14.172946 16.686968 10.214714 14.172946 12.002034 10.016614 14.172946 9.487999 13.974854 14.172946 11.658917 18.131193 14.172946 12.755506 16.404663 14.172946 11.531492 14.061252 14.172946 16.814392 14.284636 14.172946 12.948938 11.829542 14.172946 15.396946 16.516346 14.172946 15.590397 11.941225 14.172946
#R ./N2-1.2/box-8/ 26.6925528047 26.6847409689
#C 2 7.0 7.0 6.425069 7.558904 7.558904 8.69274 7.558904 7.558904
#R ./5-7-6-7-6-5/box-20/ 4.31102034028 4.31428067238 4.37981800166 4.22024332041 4.04091865553 4.09633106453 24.9406311423 24.6764389697 33.3389138688 32.3422669238 40.8690992515 41.4761583742
#C 12 1.0 1.0 1.0 1.0 1.0 1.0 5.0 5.0 6.0 6.0 7.0 7.0 21.068184 23.053589 18.897261 23.5822 19.09535 18.897261 21.411283 14.93903 18.897261 16.72635 14.74093 18.897261 14.212315 18.699169 18.897261 16.383232 22.855508 18.897261 17.479821 21.128979 18.897261 16.255808 18.785567 18.897261 21.538707 19.008952 18.897261 17.673254 16.553857 18.897261 20.121261 21.240661 18.897261 20.314713 16.66554 18.897261
#R ./5-7-5-7-7-5/box-15/ 4.50417063412 4.40323454994 4.61128590038 4.59062599126 4.31325125936 4.27077099595 25.8908085792 26.8917494813 26.0149830623 41.230014463 42.4517443977 42.2869162829
#C 12 1.0 1.0 1.0 1.0 1.0 1.0 5.0 5.0 5.0 7.0 7.0 7.0 16.343869 18.329274 14.172946 18.857885 14.371035 14.172946 16.686968 10.214714 14.172946 12.002034 10.016614 14.172946 9.487999 13.974854 14.172946 11.658917 18.131193 14.172946 12.755506 16.404663 14.172946 16.814392 14.284636 14.172946 11.531492 14.061252 14.172946 15.396946 16.516346 14.172946 15.590397 11.941225 14.172946 12.948938 11.829542 14.172946
#R ./5-7-7-6-6-5/box-12/ 4.70433355011 4.76694785938 4.63729747981 4.49800696234 4.3441756213 4.41006297435 26.5965334142 26.1326594106 34.8579230201 33.7638324056 43.4042031043 44.0272227961
#C 12 1.0 1.0 1.0 1.0 1.0 1.0 5.0 5.0 6.0 6.0 7.0 7.0 13.50928 15.494685 11.338357 16.023296 11.536445 11.338357 13.852378 7.380125 11.338357 9.167445 7.182025 11.338357 6.65341 11.140264 11.338357 8.824327 15.296604 11.338357 9.920917 13.570074 11.338357 8.696903 11.226663 11.338357 12.755808 9.106636 11.338357 10.114349 8.994953 11.338357 12.562357 13.681757 11.338357 13.979803 11.450047 11.338357
#R ./CO-1.0/box-20/ 32.0207364933 19.4294381924
#C 2 8.0 6.0 19.842124 18.897261 18.897261 17.952398 18.897261 18.897261
#R ./5-7-7-6-6-5/box-8/ 6.02064891305 6.06880377741 5.96221734883 5.83219918641 5.68287617848 5.73595328474 33.6207484677 33.1830747926 43.2533652665 42.1776426348 53.0852566717 53.7155827134
#C 12 1.0 1.0 1.0 1.0 1.0 1.0 5.0 5.0 6.0 6.0 7.0 7.0 9.729828 11.715232 7.558904 12.243844 7.756993 7.558904 10.072926 3.600673 7.558904 5.387993 3.402573 7.558904 2.873958 7.360812 7.558904 5.044875 11.517151 7.558904 6.141464 9.790622 7.558904 4.917451 7.44721 7.558904 8.976356 5.327183 7.558904 6.334897 5.2155 7.558904 8.782905 9.902305 7.558904 10.20035 7.670595 7.558904
#R ./CO-1.7/box-20/ 28.4098010811 15.3940441873
#C 2 8.0 6.0 20.503528 18.897261 18.897261 17.290994 18.897261 18.897261
#R ./5-7-6-6-6-6/box-20/ 4.38327768089 4.33935322241 4.32203354121 4.2611908935 4.24715413529 4.18853848007 25.5638577835 33.0010456501 32.6056717472 32.4925248029 32.0414135001 40.8654683661
#C 12 1.0 1.0 1.0 1.0 1.0 1.0 5.0 6.0 6.0 6.0 6.0 7.0 21.068184 23.053589 18.897261 23.5822 19.09535 18.897261 21.411283 14.93903 18.897261 16.72635 14.74093 18.897261 14.212315 18.699169 18.897261 16.383232 22.855508 18.897261 17.479821 21.128979 18.897261 21.538707 19.008952 18.897261 20.314713 16.66554 18.897261 17.673254 16.553857 18.897261 16.255808 18.785567 18.897261 20.121261 21.240661 18.897261
#R ./N2-1.0/box-8/ 28.2363223988 28.2300023534
#C 2 7.0 7.0 6.614041 7.558904 7.558904 8.503768 7.558904 7.558904
#R ./BF-1.2/box-12/ 41.4403421617 14.581349879
#C 2 9.0 5.0 12.472192 11.338357 11.338357 10.204521 11.338357 11.338357
#R ./5-6-7-7-6-5/box-15/ 4.7089131293 4.92791338202 4.91414783559 4.71195566649 4.50000447403 4.48185304167 26.757430633 26.7589754177 34.9758074784 34.9817742525 44.7483404481 44.7571861619
#C 12 1.0 1.0 1.0 1.0 1.0 1.0 5.0 5.0 6.0 6.0 7.0 7.0 16.343869 18.329274 14.172946 18.857885 14.371035 14.172946 16.686968 10.214714 14.172946 12.002034 10.016614 14.172946 9.487999 13.974854 14.172946 11.658917 18.131193 14.172946 12.755506 16.404663 14.172946 11.531492 14.061252 14.172946 15.396946 16.516346 14.172946 12.948938 11.829542 14.172946 16.814392 14.284636 14.172946 15.590397 11.941225 14.172946
#R ./5-6-7-7-6-5/box-12/ 5.22687944749 5.43390908017 5.45858100451 5.23057483321 5.01510377014 5.02477348862 29.4711449098 29.4746793303 38.2321199068 38.2427814476 48.5356438212 48.5640462251
#C 12 1.0 1.0 1.0 1.0 1.0 1.0 5.0 5.0 6.0 6.0 7.0 7.0 13.50928 15.494685 11.338357 16.023296 11.536445 11.338357 13.852378 7.380125 11.338357 9.167445 7.182025 11.338357 6.65341 11.140264 11.338357 8.824327 15.296604 11.338357 9.920917 13.570074 11.338357 8.696903 11.226663 11.338357 12.562357 13.681757 11.338357 10.114349 8.994953 11.338357 13.979803 11.450047 11.338357 12.755808 9.106636 11.338357
#R ./5-7-6-5-6-7/box-20/ 4.39152565989 4.28255801396 4.16371206773 4.28000483032 4.39570389406 4.24660956701 26.0729518084 25.3044323334 32.4649982784 32.4683584893 40.8522413441 40.8586900844
#C 12 1.0 1.0 1.0 1.0 1.0 1.0 5.0 5.0 6.0 6.0 7.0 7.0 21.068184 23.053589 18.897261 23.5822 19.09535 18.897261 21.411283 14.93903 18.897261 16.72635 14.74093 18.897261 14.212315 18.699169 18.897261 16.383232 22.855508 18.897261 17.479821 21.128979 18.897261 20.314713 16.66554 18.897261 21.538707 19.008952 18.897261 17.673254 16.553857 18.897261 20.121261 21.240661 18.897261 16.255808 18.785567 18.897261
#R ./BF-1.2/box-15/ 40.5112935974 14.0725932321
#C 2 9.0 5.0 15.306782 14.172946 14.172946 13.03911 14.172946 14.172946
#R ./BF-1.0/box-20/ 40.7755129878 14.973173992
#C 2 9.0 5.0 19.842124 18.897261 18.897261 17.952398 18.897261 18.897261
#R ./5-7-7-6-5-6/box-8/ 6.02852834863 6.0578329496 5.91039064888 5.70960785348 5.79618591246 5.76778825541 34.065337068 33.6516233639 42.7846709538 41.6273501838 53.1904216189 53.6117204041
#C 12 1.0 1.0 1.0 1.0 1.0 1.0 5.0 5.0 6.0 6.0 7.0 7.0 9.729828 11.715232 7.558904 12.243844 7.756993 7.558904 10.072926 3.600673 7.558904 5.387993 3.402573 7.558904 2.873958 7.360812 7.558904 5.044875 11.517151 7.558904 6.141464 9.790622 7.558904 6.334897 5.2155 7.558904 8.976356 5.327183 7.558904 4.917451 7.44721 7.558904 8.782905 9.902305 7.558904 10.20035 7.670595 7.558904
#R ./5-7-5-7-7-5/box-20/ 4.2791944577 4.18623172354 4.4254124686 4.37298234657 4.08871405483 4.08009432219 24.8382183647 25.8370024308 24.9437424978 39.8750795683 41.0916273417 40.8930202181
#C 12 1.0 1.0 1.0 1.0 1.0 1.0 5.0 5.0 5.0 7.0 7.0 7.0 21.068184 23.053589 18.897261 23.5822 19.09535 18.897261 21.411283 14.93903 18.897261 16.72635 14.74093 18.897261 14.212315 18.699169 18.897261 16.383232 22.855508 18.897261 17.479821 21.128979 18.897261 21.538707 19.008952 18.897261 16.255808 18.785567 18.897261 20.121261 21.240661 18.897261 20.314713 16.66554 18.897261 17.673254 16.553857 18.897261
#R ./BF-0.8/box-20/ 42.204283457 16.7760999649
#C 2 9.0 5.0 19.653152 18.897261 18.897261 18.141371 18.897261 18.897261
#R ./5-7-7-6-5-6/box-12/ 5.08749312522 5.12329841193 4.96487872291 4.77698505368 4.85485755843 4.84122888683 28.9295042086 28.4845554306 36.5838801195 35.54248369 46.0598091461 46.52533421
#C 12 1.0 1.0 1.0 1.0 1.0 1.0 5.0 5.0 6.0 6.0 7.0 7.0 13.50928 15.494685 11.338357 16.023296 11.536445 11.338357 13.852378 7.380125 11.338357 9.167445 7.182025 11.338357 6.65341 11.140264 11.338357 8.824327 15.296604 11.338357 9.920917 13.570074 11.338357 10.114349 8.994953 11.338357 12.755808 9.106636 11.338357 8.696903 11.226663 11.338357 12.562357 13.681757 11.338357 13.979803 11.450047 11.338357
#R ./CO-1.2/box-8/ 34.3033816178 20.6502928322
#C 2 8.0 6.0 8.69274 7.558904 7.558904 6.425069 7.558904 7.558904
#R ./N2-1.2/box-12/ 24.9362910825 24.9339446564
#C 2 7.0 7.0 10.204521 11.338357 11.338357 12.472192 11.338357 11.338357
#R ./NN-2/box-12/ 23.3396419951 23.137813593
#C 2 7.0 7.0 9.448631 11.338357 11.338357 13.228083 11.338357 11.338357
#R ./N2-1.2/box-15/ 23.5956657893 23.5944900973
#C 2 7.0 7.0 13.03911 14.172946 14.172946 15.306782 14.172946 14.172946
#R ./BF-2/box-8/ 46.4424943571 13.0275446481
#C 2 9.0 5.0 9.448631 7.558904 7.558904 5.669178 7.558904 7.558904
#R ./BF-1.5/box-8/ 42.5125702233 14.2785225031
#C 2 9.0 5.0 8.976199 7.558904 7.558904 6.14161 7.558904 7.558904
#R ./CO-0.8/box-8/ 37.5105542051 24.1843480431
#C 2 8.0 6.0 8.314795 7.558904 7.558904 6.803014 7.558904 7.558904
#R ./acetylene/box-20/ 2.34942461911 2.34918991293 17.6878820469 17.6873066813
#C 4 1.0 1.0 6.0 6.0 16.626914 18.707599 16.744765 21.167608 19.086924 21.049758 17.987543 18.821264 18.034768 19.806979 18.973258 19.759755
#R ./N2-1.0/box-12/ 26.4244531928 26.4226272476
#C 2 7.0 7.0 10.393494 11.338357 11.338357 12.28322 11.338357 11.338357
#R ./CO-1.2/box-12/ nan nan
#C 2 8.0 6.0 12.472192 11.338357 11.338357 10.204521 11.338357 11.338357
#R ./5-7-7-6-5-6/box-15/ 4.61349352638 4.66368919584 4.46645718757 4.30375835453 4.38909017882 4.34540320898 26.4900967332 26.0410707408 33.6671910765 32.6301929718 42.6868060909 43.1731312299
#C 12 1.0 1.0 1.0 1.0 1.0 1.0 5.0 5.0 6.0 6.0 7.0 7.0 16.343869 18.329274 14.172946 18.857885 14.371035 14.172946 16.686968 10.214714 14.172946 12.002034 10.016614 14.172946 9.487999 13.974854 14.172946 11.658917 18.131193 14.172946 12.755506 16.404663 14.172946 12.948938 11.829542 14.172946 15.590397 11.941225 14.172946 11.531492 14.061252 14.172946 15.396946 16.516346 14.172946 16.814392 14.284636 14.172946
#R ./5-7-7-6-5-6/box-20/ 3.8966930338 3.92722380955 3.8136042754 3.66754363739 3.7170091532 3.74067748735 23.538976645 23.1877237432 30.6552091788 29.8575074748 40.2222562334 40.5248416354
#C 12 1.0 1.0 1.0 1.0 1.0 1.0 5.0 5.0 6.0 6.0 7.0 7.0 21.068184 23.053589 18.897261 23.5822 19.09535 18.897261 21.411283 14.93903 18.897261 16.72635 14.74093 18.897261 14.212315 18.699169 18.897261 16.383232 22.855508 18.897261 17.479821 21.128979 18.897261 17.673254 16.553857 18.897261 20.314713 16.66554 18.897261 16.255808 18.785567 18.897261 20.121261 21.240661 18.897261 21.538707 19.008952 18.897261
#R ./CO-0.8/box-12/ 35.4513715962 22.613445867
#C 2 8.0 6.0 12.094247 11.338357 11.338357 10.582466 11.338357 11.338357
#R ./NN-2/box-15/ 20.8251097923 20.822844446
#C 2 7.0 7.0 12.28322 14.172946 14.172946 16.062672 14.172946 14.172946
#R ./ethylene/box-20/ 2.66683370469 2.66480495496 2.66442092796 2.6666205509 19.8998848711 19.8989263195
#C 6 1.0 1.0 1.0 1.0 6.0 6.0 16.17879 19.729856 18.365078 18.306482 17.788217 16.291973 19.488041 20.006306 21.502549 21.615732 18.064667 19.429444 17.987543 18.821264 18.034768 19.806979 18.973258 19.759755
#R ./BF-1.5/box-12/ 40.2276327904 13.0135049938
#C 2 9.0 5.0 12.755651 11.338357 11.338357 9.921062 11.338357 11.338357
#R ./5-7-7-6-6-5/box-15/ 4.86323819933 4.92571346431 4.75659141256 4.65570514589 4.50338642282 4.53652092431 27.2216977473 26.7537030948 35.5374908504 34.4564049225 44.1261621973 44.7287216185
#C 12 1.0 1.0 1.0 1.0 1.0 1.0 5.0 5.0 6.0 6.0 7.0 7.0 16.343869 18.329274 14.172946 18.857885 14.371035 14.172946 16.686968 10.214714 14.172946 12.002034 10.016614 14.172946 9.487999 13.974854 14.172946 11.658917 18.131193 14.172946 12.755506 16.404663 14.172946 11.531492 14.061252 14.172946 15.590397 11.941225 14.172946 12.948938 11.829542 14.172946 15.396946 16.516346 14.172946 16.814392 14.284636 14.172946
#R ./BF-2/box-12/ 42.6359940279 11.6392466372
#C 2 9.0 5.0 13.228083 11.338357 11.338357 9.448631 11.338357 11.338357
#R ./CO-1.2/box-15/ 31.4286339131 18.4943127206
#C 2 8.0 6.0 15.306782 14.172946 14.172946 13.03911 14.172946 14.172946
#R ./5-7-7-6-6-5/box-20/ 4.35615781969 4.40813885612 4.2916748384 4.17738605716 4.03318115489 4.10065004128 25.0078812179 24.5795796374 32.9041779605 31.9051531455 41.4104478834 42.0360436617
#C 12 1.0 1.0 1.0 1.0 1.0 1.0 5.0 5.0 6.0 6.0 7.0 7.0 21.068184 23.053589 18.897261 23.5822 19.09535 18.897261 21.411283 14.93903 18.897261 16.72635 14.74093 18.897261 14.212315 18.699169 18.897261 16.383232 22.855508 18.897261 17.479821 21.128979 18.897261 16.255808 18.785567 18.897261 20.314713 16.66554 18.897261 17.673254 16.553857 18.897261 20.121261 21.240661 18.897261 21.538707 19.008952 18.897261
#R ./N2-1.0/box-15/ 25.7039998887 25.7027061117
#C 2 7.0 7.0 13.228083 14.172946 14.172946 15.117809 14.172946 14.172946
#R ./BF-1.5/box-15/ 39.3401294293 12.5178581833 
#C 2 9.0 5.0 15.590241 14.172946 14.172946 12.755651 14.172946 14.172946
#R ./BF-2/box-15/ 38.0904302315 10.8421638344
#C 2 9.0 5.0 16.062672 14.172946 14.172946 12.28322 14.172946 14.172946
#R ./CO-0.8/box-15/ 34.6359175516 21.9909250339
#C 2 8.0 6.0 14.928836 14.172946 14.172946 13.417055 14.172946 14.172946
#R ./CO-2/box-20/ 28.6961537892 14.5838091349
#C 2 8.0 6.0 20.786987 18.897261 18.897261 17.007535 18.897261 18.897261
#R ./5-6-7-7-6-5/box-20/ 4.29733643475 4.505717272 4.52351150439 4.29672714648 4.07515321543 4.09137871734 24.6778475511 24.6793382679 32.5037709143 32.5030001612 41.9002373274 41.9016246857
#C 12 1.0 1.0 1.0 1.0 1.0 1.0 5.0 5.0 6.0 6.0 7.0 7.0 21.068184 23.053589 18.897261 23.5822 19.09535 18.897261 21.411283 14.93903 18.897261 16.72635 14.74093 18.897261 14.212315 18.699169 18.897261 16.383232 22.855508 18.897261 17.479821 21.128979 18.897261 16.255808 18.785567 18.897261 20.121261 21.240661 18.897261 17.673254 16.553857 18.897261 21.538707 19.008952 18.897261 20.314713 16.66554 18.897261
#R ./NN-2/box-20/ 21.4233713539 21.3837159125
#C 2 7.0 7.0 17.007535 18.897261 18.897261 20.786987 18.897261 18.897261
#R ./BF-1.2/box-20/ 40.1558182756 13.5809189796
#C 2 9.0 5.0 20.031097 18.897261 18.897261 17.763426 18.897261 18.897261
#R ./N2-1.0/box-20/ 24.7222177029 24.7221676628
#C 2 7.0 7.0 17.952398 18.897261 18.897261 19.842124 18.897261 18.897261
#R ./N2-1.2/box-20/ 23.1906045706 23.1904158247
#C 2 7.0 7.0 17.763426 18.897261 18.897261 20.031097 18.897261 18.897261
#R ./CO-1.2/box-20/ 30.4720479773 17.6012925764
#C 2 8.0 6.0 20.031097 18.897261 18.897261 17.763426 18.897261 18.897261
#R ./BF-2/box-20/ 39.7044170931 10.5907853254
#C 2 9.0 5.0 20.786987 18.897261 18.897261 17.007535 18.897261 18.897261
#R ./BF-1.5/box-20/ 38.4113170124 11.9998135338
#C 2 9.0 5.0 20.314556 18.897261 18.897261 17.479967 18.897261 18.897261
#R ./CO-0.8/box-20/ 33.8303599388 21.375971296
#C 2 8.0 6.0 19.653152 18.897261 18.897261 18.141371 18.897261 18.897261
#R ./ethane/box-8/ 3.58512213662 3.5886735425 3.59337678615 3.58914327574 3.58210989208 3.58610647839 25.4425176699 25.4292343228
#C 8 1.0 1.0 1.0 1.0 1.0 1.0 6.0 6.0 5.520646 8.758161 9.265877 5.226752 5.807474 7.563941 5.519782 8.749481 5.846896 9.598027 6.368328 9.270913 9.891057 9.310335 7.553868 9.597163 6.359648 5.851932 6.130566 7.701171 7.558904 8.987243 7.416638 7.558904
#R ./ethane/box-12/ 3.23550320053 3.23165110142 3.23582496639 3.2345676516 3.22958158248 3.23591364557 23.3014782311 23.2975639144
#C 8 1.0 1.0 1.0 1.0 1.0 1.0 6.0 6.0 9.300098 12.537613 13.045329 9.006204 9.586926 11.343393 9.299235 12.528933 9.626348 13.377479 10.14778 13.050365 13.670509 13.089787 11.333321 13.376615 10.139101 9.631384 9.910019 11.480623 11.338357 12.766695 11.196091 11.338357
#R ./ethane/box-15/ 3.09800896876 3.08995983182 3.09938108641 3.09860579663 3.08871917183 3.09817779179 22.4820279864 22.479543678
#C 8 1.0 1.0 1.0 1.0 1.0 1.0 6.0 6.0 12.134687 15.372202 15.879919 11.840793 12.421516 14.177982 12.133824 15.363523 12.460937 16.212068 12.982369 15.884955 16.505099 15.924376 14.16791 16.211205 12.97369 12.465973 12.744608 14.315212 14.172946 15.601284 14.03068 14.172946
#R ./ethane/box-20/ 3.02986794133 3.03300582311 3.0208248579 3.0205268489 3.03251444088 3.02990585407 22.3031200715 22.302110139
#C 8 1.0 1.0 1.0 1.0 1.0 1.0 6.0 6.0 16.859003 20.096517 20.604234 16.565109 17.145831 18.902297 16.858139 20.087838 17.185253 20.936383 17.706685 20.60927 21.229414 20.648692 18.892225 20.93552 17.698005 17.190289 17.468923 19.039527 18.897261 20.325599 18.754995 18.897261
